11002145 -0.00645826 -0.00680983
11003001 -0.00647534 -0.00685544
11003002 -0.00647473 -0.00683151
11003004 -0.00665041 -0.00694918
11003005 -0.00661974 -0.00693101
11003006 -0.00665196 -0.00696612
11003012 -0.00628626 -0.00655161
11003013 -0.00628461 -0.00664632
11003014 -0.00643075 -0.00677461
11003015 -0.00645907 -0.00665038
11003016 -0.00645901 -0.00675774
11003017 -0.00644967 -0.00684033
11003029 -0.00607217 -0.00616763
11003030 -0.00615268 -0.00627819
11003031 -0.00631711 -0.0063966
11003062 -0.00631433 -0.00644321
11003063 -0.00631347 -0.00644621
11003064 -0.00637261 -0.00654928
11003065 -0.00634987 -0.00655784
11003066 -0.00641293 -0.00663516
11003067 -0.00654842 -0.00675388
11003068 -0.00661559 -0.00686892
11003075 -0.00661473 -0.00682839
11003101 -0.00646808 -0.00668461
11003102 -0.00665886 -0.00690004
11004007 -0.0058736 -0.00607415
11004008 -0.00596509 -0.00618606
11004009 -0.00614241 -0.00639687
11004010 -0.00619978 -0.0063937
11004011 -0.0063353 -0.00648863
11004012 -0.00629715 -0.00643845
11004013 -0.00631682 -0.00647588
11004014 -0.00649379 -0.00660117
11004015 -0.0065378 -0.00661329
11004016 -0.00654113 -0.0066366
11004018 -0.0066044 -0.00662635
11004020 -0.00571933 -0.00562307
11004021 -0.00592772 -0.00587709
11004023 -0.00591403 -0.00590116
11004024 -0.00587923 -0.00586777
11004025 -0.00604015 -0.00598974
11004026 -0.00616212 -0.00618386
11004028 -0.0062358 -0.00622181
11004029 -0.00629631 -0.00624696
11004030 -0.00627111 -0.0062202
11004032 -0.00627326 -0.00623045
11004033 -0.0062804 -0.00629908
11004034 -0.00650449 -0.00648193
11004035 -0.00653911 -0.00658779
11004037 -0.00664445 -0.00661924
11004038 -0.0066612 -0.00665764
11004040 -0.00676538 -0.00672049
11004041 -0.00676817 -0.00665841
11004060 -0.00580661 -0.00697672
11004064 -0.00607483 -0.00721993
11004067 -0.00506022 -0.00606093
11004068 -0.00592179 -0.00696284
11004069 -0.00611064 -0.00717911
11004071 -0.00612521 -0.00727645
11005023 -0.00628114 -0.00750147
11005024 -0.00642912 -0.00770449
11005025 -0.00652592 -0.00781868
11005026 -0.00639094 -0.00769621
11005027 -0.00652459 -0.00785741
11005029 -0.00596597 -0.00719139
11005030 -0.00623352 -0.00831303
11005033 -0.00626569 -0.00751296
11005034 -0.00630545 -0.00764731
11005035 -0.00635703 -0.00765232
11005036 -0.00633683 -0.0076987
11005037 -0.00628029 -0.00772054
11005038 -0.00642284 -0.00790578
11005039 -0.00645158 -0.00794794
11005040 -0.00646865 -0.00787561
11005042 -0.00681251 -0.00813263
11005043 -0.00672176 -0.00806891
11005044 -0.00669664 -0.00802302
11006002 -0.00655961 -0.00805679
11006003 -0.00674648 -0.00831782
11006004 -0.00662662 -0.00826809
11006005 -0.0066501 -0.00830968
11006008 -0.00682072 -0.00852269
11006010 -0.00602153 -0.00772625
11006011 -0.00601751 -0.00773482
11006012 -0.0061051 -0.00788148
11006013 -0.00631973 -0.00810044
11006014 -0.00643439 -0.00817669
11006015 -0.00645164 -0.00824097
11006016 -0.00632781 -0.00820021
11006019 -0.00629021 -0.008018
11006026 -0.00599129 -0.00757977
11006042 -0.00646552 -0.0080955
11006043 -0.00650252 -0.00812256
11006044 -0.00653501 -0.00819487
11006045 -0.00660696 -0.00827614
11006059 -0.00743241 -0.00905385
11006060 -0.00727981 -0.00893751
11006061 -0.00744953 -0.00906673
11006062 -0.00746507 -0.00903827
11007006 -0.00576607 -0.00513093
11007007 -0.00571449 -0.00745069
11007008 -0.00573488 -0.00744082
11007010 -0.00589706 -0.00764317
11007011 -0.00623466 -0.0080954
11007012 -0.00626558 -0.00820265
11007013 -0.0063439 -0.00824301
11007014 -0.00638733 -0.00829
11007015 -0.00629956 -0.0081638
11007019 -0.00641469 -0.00818414
11008003 -0.00477729 -0.00599192
11008004 -0.00516071 -0.00633647
11008005 -0.00509237 -0.00624613
11008006 -0.00522927 -0.00640896
11008009 -0.005523 -0.00672426
11008010 -0.0056931 -0.0069288
11008012 -0.00589583 -0.00714337
11009010 -0.00458136 -0.00556866
11009011 -0.00506564 -0.0060976
11009012 -0.00528636 -0.00638177
11009013 -0.00524705 -0.00638783
11009014 -0.0056256 -0.00659263
11009015 -0.00555281 -0.00487441
11009016 -0.00539989 -0.00652802
11009017 -0.00558728 -0.00669961
11009018 -0.00576109 -0.00695649
11009019 -0.00579126 -0.00698154
11009020 -0.00584745 -0.00698898
11009021 -0.00582836 -0.00700209
11009023 -0.00428996 -0.00532635
11009024 -0.00455506 -0.00557152
11009025 -0.00465497 -0.00562111
11009026 -0.00489144 -0.00566941
11009027 -0.00519941 -0.00582201
11009028 -0.00523747 -0.00610981
11009029 -0.00531471 -0.0058489
11009030 -0.00563581 -0.00607007
11009031 -0.00566882 -0.00608305
11009032 -0.00560428 -0.00878392
11009033 -0.00577714 -0.00608648
11010012 -0.00404991 -0.00388943
11010013 -0.00418257 -0.00406094
11010014 -0.0044854 -0.00436808
11010015 -0.0045993 -0.00449197
11010016 -0.00476142 -0.00467801
11010021 -0.00509948 -0.00507337
11010023 -0.00523724 -0.00523733
11010024 -0.00530334 -0.00529465
11010025 -0.00541733 -0.00541352
11010028 -0.00358467 -0.00362019
11010029 -0.0037517 -0.00379313
11010030 -0.00401732 -0.00406747
11011002 -0.00413678 -0.00405147
11011003 -0.0042892 -0.00423245
11011004 -0.00452742 -0.00442955
11011005 -0.00453264 -0.00453369
11011006 -0.0047176 -0.00466083
11011007 -0.0047696 -0.00474688
11011017 -0.0049089 -0.00487869
11011018 -0.00506789 -0.00505982
11011019 -0.00105807 -0.005949
11011021 -0.00428734 -0.00431984
11011022 -0.00450694 -0.00458507
11011023 -0.0047798 -0.00488256
11011031 -0.00379982 -0.00372857
11011032 -0.00412661 -0.00409354
11011033 -0.00443267 -0.00432961
11011034 -0.00471626 -0.00457285
11011035 -0.0048441 -0.0047045
11011036 -0.00507093 -0.00490452
11011037 -0.00522738 -0.00503725
11011038 -0.00519115 -0.00530082
11011048 -0.00523618 -0.0057446
11011052 -0.00510051 -0.00571868
11011053 -0.0153249 -0.024639
11011055 -0.00513417 -0.00590145
11011065 -0.00517346 -0.00604321
11011066 -0.00519229 -0.00607812
11011077 -0.00326475 -0.00421419
11011078 -0.00376966 -0.00479504
11011079 -0.00422488 -0.00536748
11011080 -0.00422184 -0.00539274
11011081 -0.00389436 -0.0049749
11011082 -0.00436966 -0.00556372
11011083 -0.00398831 -0.005315
11011084 -0.00444579 -0.0056772
11011087 -0.00437859 -0.0056141
11011088 -0.00455579 -0.00585887
11011089 -0.0046104 -0.00592191
11011090 -0.00461447 -0.00596706
11011091 -0.00455103 -0.00592467
11011092 -0.00490004 -0.00624689
11012002 -0.00240574 -0.00420685
11012003 -0.00306635 -0.00442138
11012004 -0.00312201 -0.00473506
11012005 -0.00332494 -0.00504696
11012006 -0.00355501 -0.00527366
11012007 -0.00368174 -0.00542688
11012008 -0.00384044 -0.00565778
11012009 -0.00393612 -0.00578982
11012010 -0.00398198 -0.0058385
11012011 -0.00399801 -0.00582943
11012012 -0.00408261 -0.00595891
11012014 -0.00416134 -0.00607089
11012015 -0.00425778 -0.00619354
11012018 -0.00260889 -0.00432654
11012019 -0.00294744 -0.00466827
11012020 -0.00315845 -0.00493878
11012021 -0.00338134 -0.00510561
11012022 -0.00354402 -0.00526965
11012024 -0.00457132 -0.0058753
11012025 -0.00448216 -0.00580552
11012032 -0.00451784 -0.00580997
11012036 -0.00447766 -0.00573356
11012037 -0.00460102 -0.00588149
11012038 -0.00455514 -0.00584096
11014041 -0.00286637 -0.00619613
11014042 -0.00279971 -0.00362724
11014043 -0.00288327 -0.00380955
11014046 -0.00306364 -0.0039163
11014047 -0.00321701 -0.00410346
11014048 -0.00354331 -0.00450632
11014049 -0.00368008 -0.00459673
11014050 -0.0037885 -0.00472082
11014051 -0.00386689 -0.00481132
11014053 -0.00403134 -0.00493753
11014055 -0.00406536 -0.00504635
11014056 -0.00423664 -0.00520549
11014057 -0.00433695 -0.00533999
11014058 -0.00441731 -0.00547822
11014059 -0.004551 -0.00557751
11014060 -0.00458366 -0.00564948
11014061 -0.00446071 -0.00554763
11014066 -0.00446441 -0.00537506
11014071 -0.00297835 -0.00394265
11014072 -0.00325982 -0.00424146
11014080 -0.00398686 -0.00496965
11014086 -0.00421103 -0.00518809
11014093 -0.00439777 -0.00531687
11015001 -0.00457 -0.00551187
11015002 -0.00468198 -0.00565366
11015003 -0.00485428 -0.00574774
11015005 -0.00492987 -0.00589721
11015007 -0.00333555 -0.00413559
11015008 -0.00351647 -0.00438198
11015009 -0.00365989 -0.0045054
11015010 -0.00399704 -0.00481269
11015011 -0.00426912 -0.00514628
11015012 -0.00446661 -0.00531138
11015013 -0.0046549 -0.00550082
11015017 -0.00482399 -0.00568357
11015018 -0.00497377 -0.00582708
11015019 -0.00512214 -0.0059471
11015020 -0.00516055 -0.00600089
11015022 -0.00324972 -0.00402539
11015023 -0.00345952 -0.00426616
11015024 -0.00371235 -0.00446208
11015025 -0.00395466 -0.00472652
11015026 -0.00414366 -0.00499316
11015027 -0.00441957 -0.00521667
11015028 -0.00450933 -0.00539735
11015029 -0.00451574 -0.00538401
11015030 -0.00464446 -0.00541298
11015031 -0.00461785 -0.00544812
11015032 -0.00450443 -0.00533028
11015033 -0.00456174 -0.00536326
11015034 -0.00463481 -0.00546349
11015069 -0.00326191 -0.00379964
11015071 -0.00345229 -0.00397314
11015099 -0.00407479 -0.00472221
11015100 -0.00434826 -0.00501406
11015102 -0.00440794 -0.00505429
11015103 -0.00442267 -0.00512968
11015105 -0.00250533 -0.0030925
11015106 -0.00291845 -0.00351872
11015110 -0.00326782 -0.0039309
11015111 -0.00345847 -0.00410339
11015112 -0.00362623 -0.00428859
11015115 -0.00406314 -0.00469847
11015116 -0.00420774 -0.00489914
11015117 -0.00437805 -0.00508467
11015118 -0.00444211 -0.00511013
11015119 -0.00436562 -0.00506229
11016003 -0.00277292 -0.00334777
11016004 -0.00326283 -0.00390585
11016005 -0.00361401 -0.00421532
11016006 -0.00378751 -0.00445607
11016007 -0.00397449 -0.00458836
11016008 -0.00402483 -0.00466494
11016009 -0.00417976 -0.00484925
11016010 -0.00434828 -0.00498985
11016011 -0.012558 0.00610912
11016013 -0.00440516 -0.00513736
11016014 -0.00439058 -0.00508558
11016015 -0.00445002 -0.00511989
11016016 -0.00446995 -0.00514699
11016017 -0.00448922 -0.00519396
11016018 -0.00449673 -0.0052007
11016019 -0.00451073 -0.00518023
11016021 -0.00271708 -0.00325534
11016022 -0.00303434 -0.00363587
11016023 -0.00325699 -0.00384848
11016024 -0.00349748 -0.00412496
11016025 -0.00369507 -0.00432571
11016027 -0.0039365 -0.00455847
11016028 -0.00408821 -0.00475413
11016029 -0.00427823 -0.00495437
11016030 -0.00439633 -0.00502762
11016031 -0.00453833 -0.0051101
11016032 -0.00454859 -0.00517182
11016033 -0.00461359 -0.0052078
11016039 -0.00253994 -0.00298263
11016040 -0.00290384 -0.003275
11016041 -0.0032021 -0.00364937
11016042 -0.00339527 -0.00379995
11016043 -0.00347481 -0.00380543
11016044 -0.00346577 -0.00383536
11016045 -0.00355545 -0.00393276
11016046 -0.00370494 -0.00412344
11016047 -0.00388585 -0.00425483
11016048 -0.00415914 -0.00448999
11016049 -0.00425078 -0.00455738
11016050 -0.00416958 -0.00450743
11016051 -0.00424689 -0.00457491
11016052 -0.00441522 -0.00471935
11016055 -0.00190423 -0.00206315
11016056 -0.00228426 -0.00797608
11016059 -0.00243163 -0.00248453
11016060 -0.00259371 -0.00273152
11016061 -0.00290792 -0.00309473
11016062 -0.00305882 -0.00328495
11016063 -0.00330033 -0.00352557
11016064 -0.00349976 -0.0034739
11016065 -0.00368114 -0.0039846
11016066 -0.00391138 -0.00426309
11016067 -0.00418006 -0.00464236
11016068 -0.0045253 -0.00500134
11016069 -0.00491327 -0.00543942
11016071 0.00595481 -0.00430308
11016072 -0.00247 -0.00303065
11016073 -0.0029445 -0.0035709
11016074 -0.00325089 -0.00392209
11016075 -0.00357532 -0.00419214
11016076 -0.00365131 -0.00426185
11016077 -0.003801 -0.00438306
11016078 -0.00379747 -0.00433037
11016079 -0.00411486 -0.00463477
11016080 -0.00418333 -0.00466887
11016081 -0.00428292 -0.00475906
11016082 -0.00462891 -0.00509772
11016083 -0.00461007 -0.00508927
11016084 -0.0046769 -0.00512571
11017002 -0.00261078 -0.00279616
11017003 -0.00310304 -0.0033222
11017004 -0.00371432 -0.00395054
11017006 -0.00208128 -0.00209231
11017007 -0.00243034 -0.00253957
11017008 -0.0028972 -0.00304594
11017009 -0.00377046 -0.00375338
11017010 -0.00364028 -0.00358888
11017011 -0.00370905 -0.00366044
11017012 -0.00392964 -0.0038148
11017013 -0.00418506 -0.00404943
11017014 -0.00436006 -0.00426088
11017015 -0.0045167 -0.00434167
11017016 -0.00465097 -0.00453293
11017017 -0.00489057 -0.00474725
11017018 -0.00497516 -0.00489688
11017025 -0.00268041 -0.00228712
11017026 -0.00329225 -0.0029321
11017027 -0.0038262 -0.00347705
11017028 -0.00409826 -0.00387883
11017029 -0.00433042 -0.00404
11017030 -0.00456349 -0.00435134
11017034 -0.00468749 -0.00444642
11017035 -0.00483358 -0.00455034
11017036 -0.00489661 -0.00465995
11017037 -0.00510429 -0.00481349
11017038 -0.00516538 -0.00492214
11017048 -0.00349265 -0.00308208
11017049 -0.00399086 -0.00358396
11017050 -0.00432145 -0.00397525
11017051 -0.00458413 -0.00414836
11017052 -0.00487788 -0.00450306
11017053 -0.00509623 -0.00466351
11017054 -0.0053212 -0.00491978
11017055 -0.00598012 -0.00564634
11017056 -0.0063916 -0.00609198
11017057 -0.00622745 -0.00591874
11017058 -0.00612344 -0.0058512
11017059 -0.00624594 -0.00593425
11018002 -0.00493779 -0.00459434
11018004 -0.00577554 -0.00540776
11018005 -0.00622788 -0.00594799
11018007 -0.00610778 -0.00585269
11018008 -0.00600498 -0.00576536
11018009 -0.00646702 -0.0061767
11018010 -0.00657442 -0.00627551
11018011 -0.00639908 -0.00608289
11018012 -0.00641603 -0.00616813
11018013 -0.00654671 -0.00630406
11018014 -0.00677933 -0.00649068
11018015 -0.00702668 -0.0067175
11018028 -0.00361982 -0.00289737
11018029 -0.00382236 -0.00310387
11018030 -0.00406355 -0.00334098
11018032 -0.00443546 -0.00372457
11018033 -0.0046976 -0.00395363
11018034 -0.00487658 -0.00414779
11018035 -0.00487469 -0.00410772
11018037 -0.00497718 -0.00422511
11018038 -0.00505816 -0.00437524
11018039 -0.00525038 -0.00457525
11018040 -0.00551549 -0.00483508
11018041 -0.00570988 -0.0050796
11018042 -0.00581587 -0.00521112
11018045 -0.00429499 -0.00366655
11018046 -0.00486402 -0.00420257
11018047 -0.00516103 -0.00458058
11018048 -0.00526968 -0.00473258
11018049 -0.00546891 -0.00490276
11018050 -0.00555656 -0.00505651
11018051 -0.00580166 -0.00529798
11018053 -0.00594245 -0.00544866
11018054 -0.00605287 -0.00559268
11018055 -0.00608418 -0.00571485
11018056 -0.00612889 -0.00569711
11018057 -0.00617083 -0.00581841
11018059 -0.00378004 -0.00335158
11018060 -0.00424375 -0.00380201
11019002 -0.00488095 -0.00438275
11019003 -0.00502135 -0.00457534
11019004 -0.00521228 -0.00472892
11019005 -0.00528447 -0.00478436
11019006 -0.00529832 -0.00485245
11019007 -0.00543112 -0.00499834
11019008 -0.00550472 -0.00512325
11019009 -0.00563408 -0.00524302
11019010 -0.00576895 -0.00538258
11019014 -0.00487385 -0.0044173
11019016 -0.00526622 -0.00478367
11019017 -0.00535767 -0.00498994
11019018 -0.00550987 -0.0051368
11019022 -0.00552218 -0.00515087
11019023 -0.00546966 -0.00514046
11019024 -0.00534659 -0.00498092
11019035 -0.00369178 -0.00317962
11019036 -0.00385555 -0.00329898
11019037 -0.00399597 -0.00347684
11019038 -0.00448555 -0.00392211
11019039 -0.00484877 -0.00433472
11019040 -0.00519398 -0.00463621
11019041 -0.00548958 -0.00482703
11019042 -0.00547997 -0.00492043
11019043 -0.00560955 -0.0050329
11019044 -0.00575832 -0.00514239
11019046 -0.00578275 -0.00510937
11019047 -0.00600288 -0.00532648
11019052 -0.00382479 -0.00306904
11019053 -0.00431929 -0.00360561
11019054 -0.00471396 -0.00405523
11019055 -0.00506589 -0.00443833
11019061 -0.00545553 -0.0048974
11019062 -0.00561577 -0.00504996
11019063 -0.00553305 -0.00499257
11019065 -0.00577679 -0.00526773
11019066 -0.00588075 -0.0054044
11019067 -0.00600566 -0.00557222
11019068 -0.0061035 -0.00566653
11019069 -0.00624292 -0.00586982
11019070 -0.00634877 -0.00597317
11019071 -0.00626395 -0.00592944
11019072 -0.00617371 -0.0058181
11019073 -0.00628338 -0.00598357
11019074 -0.00651269 -0.00620296
11019076 -0.00388127 -0.0034299
11019077 -0.00402984 -0.00334073
11019079 -0.00468563 -0.00424581
11019080 -0.00497645 -0.00463034
11019081 -0.0051783 -0.00483309
11019082 -0.00533496 -0.00497468
11020001 -0.00547981 -0.00522336
11020002 -0.00575315 -0.00549054
11020003 -0.0058945 -0.00566774
11020004 -0.0060333 -0.00573394
11020005 -0.00612765 -0.00586921
11020007 -0.00432824 -0.00397781
11020008 -0.00476258 -0.00447844
11020009 -0.00510766 -0.00480442
11020010 -0.00522778 -0.00492846
11020011 -0.0053674 -0.00511177
11020012 -0.00556233 -0.00532044
11020013 -0.00572592 -0.00553234
11020014 -0.00583755 -0.00561926
11020016 -0.00392241 -0.00372189
11020017 -0.00443874 -0.00423463
11020018 -0.00477678 -0.00462188
11020019 -0.00492001 -0.00480857
11020021 -0.00514274 -0.00497539
11020022 -0.0051941 -0.0050674
11020023 -0.00530771 -0.00518358
11020024 -0.00547232 -0.00538099
11021015 -0.00316571 -0.00274053
11021026 -0.00402663 -0.0036758
11021027 -0.00414679 -0.00376354
11021028 -0.00435335 -0.00396555
11021030 -0.00450619 -0.00413059
11021031 -0.00462686 -0.00429219
11021032 -0.00468268 -0.00435968
11021034 -0.0047183 -0.00438392
11021035 -0.00475087 -0.00444509
11021036 -0.00453282 -0.00419625
11021045 -0.00258076 -0.00213699
11021046 -0.00272298 -0.00230541
11021047 -0.00312459 -0.00267635
11021048 -0.00354306 -0.00312356
11021049 -0.00354897 -0.00315757
11021050 -0.00369523 -0.00323738
11021051 -0.00383889 -0.00335634
11021059 -0.0021732 -0.00159008
11021060 -0.0026868 -0.0021466
11021061 -0.00292644 -0.00230407
11021062 -0.00297039 -0.00251557
11021063 -0.00297664 -0.00244015
11021065 -0.00311328 -0.00256743
11022079 -0.00466375 -0.00403525
11022080 -0.00471608 -0.00440511
11022082 -0.00493249 -0.00463998
11022083 -0.00504827 -0.00474598
11022084 -0.00511047 -0.00476726
11022085 -0.00506633 -0.00472376
11022091 -0.005086 -0.00475598
11022092 -0.00521462 -0.00483951
11022095 -0.00306512 -0.00254913
11022096 -0.00336898 -0.00281374
11022097 -0.00376386 -0.00320025
11022098 -0.00406692 -0.00345341
11022100 -0.00433769 -0.00376822
11022101 -0.00459135 -0.00403898
11022102 -0.0047409 -0.00415845
11022103 -0.00491076 -0.0043384
11022104 -0.00485502 -0.00433606
11022105 -0.0052045 -0.00471042
11023001 -0.00524257 -0.0048213
11023003 -0.00248465 -0.00192883
11023004 -0.00270156 -0.00215836
11023005 -0.00277693 -0.00226937
11023006 -0.00319248 -0.00270747
11023007 -0.00336518 -0.00291425
11023008 -0.00353335 -0.00311237
11023010 -0.00387146 -0.00347028
11023011 -0.00401256 -0.00366228
11023012 -0.00425776 -0.00389027
11023013 -0.00437834 -0.00400164
11023014 -0.00430742 -0.00397316
11023016 -0.00454607 -0.00425039
11023018 -0.00159011 -0.000952749
11023020 -0.00179487 -0.00124777
11023021 -0.00194818 -0.00131579
11023022 -0.00196593 -0.00144123
11023023 -0.00214002 -0.00161853
11023024 -0.00237065 -0.00181461
11023025 -0.00260086 -0.00203774
11023027 -0.00288762 -0.00232956
11023028 -0.00281813 -0.00228942
11023029 -0.00288172 -0.0023923
11023030 -0.00321798 -0.00274068
11023031 -0.00330462 -0.00282657
11023032 -0.00335822 -0.00288706
11023033 -0.00385817 -0.00330141
11023034 -0.00374462 -0.00326894
11023041 -0.00151222 -0.000942629
11023042 -0.00149611 -0.00103533
11023043 -0.00154162 -0.000762733
11023044 -0.00146815 -0.00102202
11023046 -0.000786541 -0.000614421
11023048 -0.00101499 -0.000945422
11023050 -0.00269651 -0.00231835
11023051 -0.00321926 -0.00286276
11023052 -0.00378197 -0.00333592
11023053 -0.00386843 -0.00337992
11023054 -0.00397171 -0.0035145
11023055 -0.00406752 -0.00365092
11023056 -0.00404725 -0.00368857
11023072 -0.00206331 -0.0013761
11023073 -0.00227712 -0.00164159
11024001 -0.00237127 -0.00167438
11024002 -0.00271642 -0.00203996
11024003 -0.00288101 -0.00218002
11024005 -0.00116153 -0.00077746
11024006 -0.00138435 -0.00105575
11024007 -0.00134283 -0.000900872
11024008 -0.00148892 -0.00103941
11024009 -0.0014852 -0.00108696
11024010 -0.00154953 -0.00111105
11024011 -0.00156829 -0.00109738
11024012 -0.00192387 -0.00147948
11024013 -0.00213904 -0.001714
11024014 -0.00237518 -0.00197923
11024015 -0.0024903 -0.0020933
11024016 -0.0027549 -0.00236232
11024017 -0.00292902 -0.0025638
11024019 -0.00135927 -0.000985183
11024020 -0.00132071 -0.00100598
11024021 -0.00138665 -0.000977658
11024022 -0.00144824 -0.00106321
11024023 -0.00196569 -0.00137414
11024024 -0.00198402 -0.00133514
11024026 -0.00299932 -0.00266413
11024028 -0.00329242 -0.00308708
11025008 -0.00281514 -0.00196143
11025009 -0.00289865 -0.00200061
11025010 -0.00312662 -0.00225768
11025011 -0.00317337 -0.0023112
11025013 -0.0043994 -0.00355783
11025016 -0.00476072 -0.00382173
11025017 -0.00461117 -0.00372447
11025019 -0.0047652 -0.00390243
11025020 -0.00509539 -0.00412129
11025032 -0.00500922 -0.00448071
11025033 -0.00503135 -0.00434944
11025034 -0.00498971 -0.00442781
11025036 -0.00563021 -0.00468502
11025037 -0.00594016 -0.00507687
11025038 -0.00598993 -0.00529884
11025039 -0.00610598 -0.00528398
11025040 -0.00637354 -0.00552545
11025041 -0.00621024 -0.0053297
11025042 -0.00594199 -0.00508818
11025044 -0.00645657 -0.00554
11025045 -0.00646808 -0.00554753
11025046 -0.0064479 -0.00548179
11025047 -0.0065308 -0.00554099
11025048 -0.00690054 -0.0059785
11025049 -0.00683103 -0.00575809
11025051 -0.00737041 -0.00668899
11025052 -0.00706622 -0.00604452
11025053 -0.00708802 -0.00596374
11025054 -0.0051269 -0.00275053
11025058 -0.00455645 -0.0033061
11025059 -0.00462036 -0.00342824
11025060 -0.0045849 -0.00337112
11025061 -0.00495487 -0.00359237
11025062 -0.00518471 -0.00385801
11025063 -0.00553667 -0.00427649
11025064 -0.00572856 -0.00454116
11025065 -0.0059806 -0.0048454
11025066 -0.00608576 -0.00498419
11025068 -0.00594657 -0.00487165
11025069 -0.0169288 -0.0106528
11025070 -0.00604693 -0.0049362
11026001 -0.00627447 -0.00519278
11026002 -0.0064539 -0.00534832
11026003 -0.00625688 -0.00515007
11026005 -0.00458533 -0.00352209
11026006 -0.00479637 -0.00371998
11026007 -0.00487539 -0.00382843
11026008 -0.00520426 -0.00414457
11026009 -0.00505332 -0.00396588
11026010 -0.0138906 -0.0319134
11026011 -0.0055576 -0.00455774
11026012 -0.00536468 -0.00432565
11026013 -0.00558316 -0.00460656
11026014 -0.00556302 -0.00460046
11026015 -0.00564451 -0.00474703
11026016 -0.00569771 -0.00475721
11026017 -0.00582803 -0.00492414
11026018 -0.00600489 -0.00509487
11026019 -0.00618173 -0.00527708
11026021 -0.0037184 -0.00248638
11026022 -0.00396565 -0.00276926
11026023 -0.00431641 -0.00322509
11026024 -0.00486939 -0.00393114
11026025 -0.00507771 -0.00412288
11026026 -0.00519024 -0.0043232
11026027 -0.00526534 -0.00433555
11026028 -0.00526533 -0.00428798
11026029 -0.00530857 -0.00436541
11026030 -0.00532009 -0.0042894
11026031 -0.00541879 -0.00435519
11026032 -0.00565187 -0.00464805
11026033 -0.00559322 -0.00454513
11026034 -0.00567303 -0.00456286
11026035 -0.00580246 -0.0049756
11026041 -0.0030035 -0.00165738
11026042 -0.0031729 -0.00170121
11026067 -0.00565519 -0.00528137
11026068 -0.00573008 -0.00522531
11026069 -0.00563953 -0.0051277
11026110 -0.00407125 -0.00330538
11026111 -0.00425034 -0.00353656
11026113 -0.00463828 -0.00404864
11026114 -0.00496133 -0.00444217
11028004 -0.0015189 -2.54517e-05
11028005 -0.00183186 -8.89229e-05
11028006 -0.00240533 -0.00075543
11028007 -0.00281338 -0.00117144
11028008 -0.00321882 -0.00164668
11028009 -0.00338931 -0.00174472
11028010 -0.00357931 -0.00189757
11028011 -0.00371543 -0.00208964
11028012 -0.00392197 -0.00237028
11028013 -0.00385717 -0.0021638
11028018 -0.00184144 0.000105194
11028019 -0.00266485 -0.000831956
11028020 -0.0027723 -0.00128964
11028021 -0.00332057 -0.00136429
11028022 -0.00376152 -0.00181516
11028023 -0.00404697 -0.00196564
11028024 -0.00421961 -0.00218913
11028025 -0.00432322 -0.00229716
11028026 -0.00445916 -0.0025227
11028027 -0.00458104 -0.00249967
11028083 -0.00364523 -0.000972229
11028084 -0.00419244 -0.00157939
11028085 -0.00425108 -0.00170519
11028086 -0.00434515 -0.00171736
11028087 -0.00446726 -0.00188853
11028088 -0.00454035 -0.00202718
11028094 -0.00513141 -0.00257757
11028095 -0.00512612 -0.002627
11028096 -0.00487385 -0.00246721
11028097 -0.00466831 -0.00231353
11028098 -0.00444862 -0.00218909
11028103 -0.0021157 0.000252376
11028114 -0.00373519 -0.00167926
11029002 -0.00402157 -0.00183813
11029003 -0.00421971 -0.00202952
11029004 -0.00448455 -0.0021546
11029005 -0.00476375 -0.00219442
11029013 -0.00249221 0.000627043
11029014 -0.00292691 0.000128116
11029015 -0.00293462 0.000252445
11029018 -0.00313721 9.84768e-05
11029019 -0.00340275 -0.000134164
11029020 -0.00355799 -0.000316797
11029021 -0.00366019 -0.000447086
11029022 -0.00380964 -0.000623392
11029023 -0.00385487 -0.000603471
11029024 -0.00406896 -0.000783651
11029027 -0.00257279 0.000993452
11029028 -0.00295999 0.000615307
11029029 -0.00305895 0.000538353
11029030 -0.00319232 0.000393024
11029031 -0.00322288 0.000362905
11029032 -0.00328894 0.000302722
11029033 -0.00350164 0.000108997
11029034 -0.00347898 8.20257e-05
11029067 -0.00214142 0.000701272
11029068 -0.00266754 0.000376466
11029069 -0.00310934 -6.62367e-06
11029070 -0.00338648 -0.000211082
11029071 -0.00349348 -0.000255464
11029072 -0.00359593 -0.000252621
11029074 -0.00374038 -0.000371224
11029075 -0.00388607 -0.000500079
11029076 -0.00383702 -0.000438798
11029077 -0.00405258 -0.000645376
11029078 -0.00406658 -0.000711441
11029079 -0.0042664 -0.000832582
11029081 -0.00434412 -0.000940985
11029082 -0.00439219 -0.000921575
11029085 -0.00161787 0.00215103
11029086 -0.00206545 0.00172023
11029087 -0.0024342 0.00134243
11029088 -0.00286887 0.000945922
11029089 -0.00319594 0.000574245
11029090 -0.00335331 0.000369882
11030001 -0.00364212 0.000108985
11030002 -0.0039352 -0.000182795
11030004 -0.00396099 -0.000167439
11030005 -0.00400727 -0.000252946
11030009 -0.00178435 0.00217391
11030010 -0.00242247 0.00157956
11030011 -0.002841 0.00114946
11030012 -0.00319756 0.000768904
11030013 -0.0033831 0.000567175
11030014 -0.00355731 0.000368249
11030016 -0.00388387 3.32794e-05
11030017 -0.00410375 -0.000188119
11030018 -0.00408302 -0.000243488
11030022 -0.00195144 0.00200505
11030024 -0.00232683 0.00155987
11030025 -0.00271657 0.00124011
11030026 -0.0030059 0.000994651
11030027 -0.00339571 0.000550216
11030028 -0.00343948 0.000510477
11030040 -0.00145001 0.0021441
11030041 -0.00186156 0.00155146
11030042 -0.00183962 0.001638
11030043 -0.00181852 0.00145287
11030044 -0.00182083 0.00150851
11030045 -0.00198535 0.00124167
11030046 -0.00241021 0.000790105
11030047 -0.00273801 0.000280475
11030048 -0.0030736 -0.00010734
11030049 -0.00346741 -0.00044715
11030051 -0.0037893 -0.000798082
11030052 -0.00409804 -0.00110556
11030053 -0.00419806 -0.00128053
11030054 -0.00430481 -0.00139604
11030055 -0.0045252 -0.00167265
11030065 -0.0018778 0.0011214
11030067 -0.00225274 0.000702569
11030068 -0.00272276 0.000167061
11030069 -0.00300817 -9.58753e-05
11030070 -0.0031662 -0.000338878
11030071 -0.00353091 -0.000751596
11030072 -0.00366623 -0.000863317
11030073 -0.0038852 -0.0011522
11030074 -0.00413797 -0.00141761
11030075 -0.00427878 -0.00153625
11030076 -0.00435593 -0.00157117
11030080 -0.00187747 0.000950524
11030081 -0.00199203 0.000942999
11030082 -0.00229748 0.000527507
11030083 -0.00245237 0.000235702
11030085 -0.00292979 -0.000126015
11030086 -0.00326783 -0.000488489
11030087 -0.00357694 -0.000847597
11030088 -0.00382159 -0.00111648
11031001 -0.00397946 -0.0013112
11031002 -0.00416949 -0.00146789
11031003 -0.00432621 -0.00166506
11031007 -0.00189287 0.00084915
11031009 -0.00260391 -9.80254e-05
11031010 -0.00250642 0.000184614
11031011 -0.00287866 -0.0001707
11031012 -0.00306196 -0.000404328
11031013 -0.00333798 -0.000700652
11031014 -0.00355588 -0.000936923
11031015 -0.00387673 -0.00128456
11031016 -0.00408511 -0.00152511
11031017 -0.00429824 -0.00167115
11031018 -0.00418631 -0.00161056
11031022 -0.0014037 0.00106785
11031023 -0.00178607 0.00100915
11031024 -0.0020041 0.00072211
11031025 -0.00225278 0.000432367
11031026 -0.00256297 9.6228e-05
11031027 -0.002801 -0.000147584
11031028 -0.00287353 -0.000152775
11031029 -0.00312254 -0.000462199
11031030 -0.00326212 -0.000603859
11031031 -0.00347399 -0.000863079
11031035 -0.00357124 -0.000939502
11031046 -0.00134514 0.00180913
11031047 -0.00153359 0.000747772
11031048 -0.00153025 0.00105065
11031049 -0.00152038 0.00105229
11031050 -0.00199479 0.000597405
11031052 -0.00194566 0.000661648
11031059 -0.00114813 0.00152023
11031060 -0.00162818 0.0010739
11031061 -0.00213683 0.000523818
11031062 -0.00240873 0.000173962
11031063 -0.00265189 -0.000170965
11031065 -0.00346238 -0.000948767
11031066 -0.00377234 -0.00132367
11031067 -0.00398927 -0.0015098
11031075 -0.00145182 0.00104431
11031076 -0.00147369 0.000980905
11031079 -0.00196465 0.000427485
11031080 -0.00213385 0.000244659
11031081 -0.00245488 -0.000131679
11031082 -0.00261368 -0.000323511
11031083 -0.00285011 -0.000579167
11031084 -0.00306886 -0.00082998
11031085 -0.00332208 -0.00114376
11031088 -0.00355702 -0.0013671
11031089 -0.00376643 -0.00157345
11032011 -0.000845471 0.00141085
11032012 -0.000938599 0.0013666
11032013 -0.000998109 0.00129882
11032014 -0.00127631 0.000975819
11032015 -0.00155206 0.000652246
11032016 -0.00185604 0.000312669
11032017 -0.00209679 2.88475e-05
11032019 -0.00234066 -0.000118226
11032020 -0.00252101 -0.000368504
11032021 -0.0026703 -0.000586174
11032022 -0.00279895 -0.0006841
11032024 -0.00289883 -0.000819702
11032032 -0.000235832 0.000576828
11032047 -0.000363682 0.00133658
11032049 -0.00114974 0.00057447
11032050 -0.00173544 -3.60584e-05
11032051 -0.00170763 -0.000123777
11032052 -0.00202242 -0.000330661
11032053 -0.00215511 -0.000469162
11032054 -0.00247072 -0.000821137
11032055 -0.0027034 -0.00105787
11032056 -0.00285296 -0.00119739
11033006 -0.000534987 0.00123506
11033007 -0.00118128 0.000537153
11033008 -0.00159546 0.000129404
11033010 -0.00210638 -0.000364555
11033011 -0.00241961 -0.000711115
11033012 -0.00269084 -0.000971406
11033013 -0.00290211 -0.00114132
11033021 -0.000636763 0.0012507
11033023 -0.00140039 0.000424431
11033024 -0.00170246 5.41921e-05
11033025 -0.0019422 -0.000210564
11033026 -0.00226872 -0.000565601
11033027 -0.0025424 -0.000880843
11033028 -0.00276592 -0.0010675
11033038 -0.000585977 0.0013893
11033039 -0.000866302 0.00103414
11033070 -0.000827813 0.00101214
11033071 -0.00160454 0.000188345
11033072 -0.00211061 -0.000372057
11033073 -0.00255449 -0.000802155
11033074 -0.0027814 -0.00113998
11033075 -0.00286966 -0.00113965
11033076 -0.00317726 -0.00148774
11033077 -0.00333642 -0.00161483
11033078 -0.00351738 -0.00173952
11034006 -0.00129645 0.000617757
11034007 -0.00198811 -5.7802e-05
11034008 -0.00221281 -0.000352546
11034009 -0.00248267 -0.000515527
11034010 -0.00266692 -0.000864976
11034011 -0.00327165 -0.00146978
11034012 -0.00310441 -0.00133468
11034057 -0.00141778 0.000392168
11034058 -0.00204429 -0.000314174
11034059 -0.00263271 -0.00089764
11034060 -0.00299792 -0.00122696
11034061 -0.00312238 -0.00141456
11034065 -0.00318951 -0.00150841
11034071 -0.00334387 -0.00168418
11034072 -0.00358738 -0.00191981
11034073 -0.00369424 -0.00204455
11035005 -0.000821835 0.00150532
11035008 -0.00198455 -0.000278699
11035009 -0.00194394 -0.00019441
11035010 -0.00213935 -0.000454872
11035011 -0.00257278 -0.000898601
11035012 -0.00287525 -0.00119968
11035018 -0.00129913 0.00046341
11035019 -0.00165196 9.84235e-05
11035020 -0.00197259 -0.000149981
11035021 -0.00215536 -0.00031592
11035022 -0.00236172 -0.000503361
11035023 -0.00261224 -0.000789866
11035024 -0.00280858 -0.00096915
11035025 -0.00283264 -0.00101995
11035026 -0.00289998 -0.00113489
11035061 -0.00111073 -0.00125248
11035062 -0.00119207 -0.00127555
11035063 -0.00144509 -0.00158586
11035064 -0.00141982 -0.00153991
11035065 -0.00180509 -0.00190887
11035066 -0.00216884 -0.00232344
11035068 -0.00212998 -0.00222873
11035069 -0.0024574 -0.00255973
11035070 -0.00271241 -0.00277248
11035071 -0.0028523 -0.00294118
11035072 -0.00308131 -0.00491344
11036003 -0.00321305 -0.00321866
11036011 -0.000990379 -0.000994379
11036012 -0.00123086 -0.00126678
11036013 -0.00141365 -0.00144253
11036014 -0.00178063 -0.00184844
11036015 -0.0020359 -0.00203953
11036018 -0.00213193 -0.00218664
11036026 -0.00277438 -0.00283739
11036027 -0.00256257 -0.00264202
11036028 -0.00255291 -0.00259278
11036029 -0.00285012 -0.00286667
11036030 -0.00305918 -0.0030342
11036033 -0.00150623 -0.00147309
11036034 -0.00155208 -0.00151617
11036035 -0.00160625 -0.00163101
11036036 -0.00175512 -0.00175113
11036037 -0.00199747 -0.00204688
11036041 -0.00224059 -0.0023174
11036042 -0.00239236 -0.00239505
11036043 -0.00226304 -0.00227176
11036044 -0.00233808 -0.00239109
11036055 -0.00272873 -0.00269188
11036056 -0.00273707 -0.00270171
11036057 -0.0027994 -0.00280544
11036090 -0.00166636 -0.00173577
11036091 -0.0017861 -0.00190729
11036092 -0.00212739 -0.00226076
11036093 -0.00214454 -0.00230461
11036095 -0.00243335 -0.0026719
11036096 -0.00263053 -0.00280133
11036098 -0.00285549 -0.0030236
11036100 -0.00308236 -0.00318271
11036101 -0.00309714 -0.00327144
11036104 -0.00226848 -0.00215803
11036105 -0.00291081 -0.0028744
11037001 -0.00320294 -0.00305649
11037002 -0.0034188 -0.00319168
11037003 -0.00383297 -0.0035746
11037008 -0.00360353 -0.00331695
11037009 -0.00399258 -0.0036672
11037010 -0.00401132 -0.00369682
11037011 -0.0040132 -0.00370141
11037012 -0.00429128 -0.0039654
11037015 -0.00299405 -0.00258134
11037016 -0.00383785 -0.00330295
11037017 -0.0040294 -0.00350023
11037018 -0.00406695 -0.00358154
11037019 -0.00417436 -0.00376128
11037021 -0.00442019 -0.00398294
11037022 -0.00473137 -0.00425916
11037023 -0.00481777 -0.00434549
11037035 -0.00301133 -0.00267361
11037036 -0.00356482 -0.00331432
11037037 -0.00350179 -0.00323975
11037038 -0.00364366 -0.00338304
11037039 -0.00398425 -0.00371834
11037040 -0.00427611 -0.00401955
11037042 -0.00447844 -0.00420659
11037043 -0.0047428 -0.00447168
11037044 -0.00487307 -0.00453105
11037051 -0.00342714 -0.00359573
11037053 -0.00391644 -0.00401497
11037055 -0.00393753 -0.00386569
11037056 -0.00434842 -0.004223
11037057 -0.00460716 -0.00437657
11037058 -0.00485278 -0.004534
11037059 -0.00488469 -0.00453431
11037060 -0.0048366 -0.00451249
11037061 -0.00494945 -0.00460646
11037062 -0.00496269 -0.00465462
11037063 -0.00498738 -0.00460596
11037064 -0.00519882 -0.00477825
11037068 -0.00520546 -0.00482991
11037074 -0.00312634 -0.00256486
11037075 -0.0036725 -0.00307836
11037076 -0.0040409 -0.00344889
11037077 -0.00435027 -0.00370187
11038001 -0.0045698 -0.0038898
11038002 -0.00472125 -0.00411435
11038003 -0.00489218 -0.00425797
11038004 -0.00512162 -0.00447076
11038005 -0.00507834 -0.00444264
11038006 -0.00518794 -0.00453553
11038008 -0.00521222 -0.0044819
11038022 -0.00392488 -0.00298701
11038023 -0.00409567 -0.00321783
11038024 -0.00437204 -0.00355635
11038025 -0.00450291 -0.00359969
11038026 -0.00471761 -0.00383572
11038027 -0.00468528 -0.00387185
11038028 -0.00493744 -0.00404227
11038029 -0.00499402 -0.00413758
11038030 -0.00511852 -0.00427954
11038031 -0.00519432 -0.00430057
11038033 -0.00525352 -0.00436737
11038034 -0.00519124 -0.0042836
11038047 -0.00279537 -0.0019602
11038048 -0.00285607 -0.00232881
11038049 -0.0031109 -0.00220423
11038050 -0.00326907 -0.00257961
11038051 -0.00319804 -0.0026262
11038052 -0.00379017 -0.00305945
11038053 -0.00412938 -0.00348519
11038054 -0.00442343 -0.00376825
11038055 -0.00459122 -0.00394689
11038056 -0.00478856 -0.00415601
11038057 -0.00486761 -0.00422699
11038058 -0.00503788 -0.00437721
11038059 -0.00507161 -0.00441349
11038061 -0.00528422 -0.00463816
11038062 -0.00541427 -0.00471918
11038068 -0.00270972 -0.00189442
11038069 -0.00318723 -0.00238493
11039001 -0.0037246 -0.00290033
11039002 -0.0040664 -0.00330443
11039003 -0.00437682 -0.00366129
11039004 -0.00474266 -0.00403035
11039007 -0.00467647 -0.00396695
11039008 -0.00463864 -0.00408315
11039009 -0.00480308 -0.00433516
11039010 -0.00505568 -0.00459299
11039011 -0.00491698 -0.00449854
11039012 -0.00502159 -0.00455017
11039016 -0.00306799 -0.00262537
11039017 -0.00372829 -0.00331899
11039018 -0.00414602 -0.00377619
11039019 -0.00446619 -0.00411884
11039020 -0.00471335 -0.00435688
11039021 -0.00463774 -0.00430277
11039022 -0.00487509 -0.00449285
11039023 -0.00483153 -0.00445633
11039024 -0.00521694 -0.00479456
11039025 -0.00504483 -0.0046437
11039026 -0.00524521 -0.00481543
11039028 -0.00539321 -0.00492098
11039046 -0.00342702 -0.00272852
11039047 -0.00376227 -0.00318379
11039050 -0.00310725 -0.002625
11039051 -0.00363825 -0.00315339
11039052 -0.00404631 -0.00353975
11039053 -0.00408017 -0.00363258
11039054 -0.00428859 -0.00391552
11039055 -0.00449792 -0.00407076
11039056 -0.00448943 -0.00419732
11039057 -0.00450409 -0.00421278
11039061 -0.00357553 -0.00316274
11039062 -0.00395215 -0.0035482
11039063 -0.00414792 -0.00375771
11039064 -0.00429358 -0.00393243
11039065 -0.00445264 -0.00410882
11039066 -0.00432379 -0.00402676
11039067 -0.00481174 -0.00463978
11039068 -0.00459499 -0.00433408
11039069 -0.00447829 -0.00420455
11039070 -0.00452993 -0.00430438
11039071 -0.00479001 -0.00452616
11040002 -0.00316805 -0.00288381
11040003 -0.00362254 -0.00328969
11040004 -0.00405834 -0.00365867
11040006 -0.00419134 -0.00387571
11040007 -0.00429836 -0.00403018
11040008 -0.00443755 -0.00417383
11040009 -0.00441025 -0.00418789
11040010 -0.00454083 -0.0043463
11040016 -0.0028398 -0.00263041
11040017 -0.00348813 -0.00325621
11040018 -0.00377376 -0.00357419
11040019 -0.00392484 -0.00375173
11040020 -0.0040667 -0.00391806
11040021 -0.00413209 -0.00398602
11040022 -0.00411083 -0.00397365
11040023 -0.00422088 -0.00411041
11040024 -0.00429225 -0.00421136
11040025 -0.00433964 -0.00417596
11040049 -0.00307761 -0.00271547
11040059 -0.00310202 -0.00281736
11040068 -0.00299947 -0.00258304
11040069 -0.00328746 -0.00307443
11040070 -0.00365885 -0.00348113
11040071 -0.00409995 -0.00394739
11040072 -0.00431531 -0.00420185
11040073 -0.00443761 -0.00426236
11040074 -0.00453631 -0.00444132
11040075 -0.00454478 -0.0044148
11040076 -0.00466723 -0.00456535
11040077 -0.00456226 -0.00442939
11040080 -0.00477783 -0.00468451
11040081 -0.00492223 -0.00483796
11040082 -0.00495104 -0.00486352
11040084 -0.00501554 -0.00495588
11040090 -0.00382572 -0.00370037
11040092 -0.00463607 -0.00450636
11041001 -0.00474874 -0.00473748
11041002 -0.00495044 -0.00484118
11041003 -0.00517373 -0.00510369
11041005 -0.00533483 -0.00526448
11041006 -0.00541542 -0.00535436
11041012 -0.00468361 -0.0043923
11041013 -0.00523029 -0.00491321
11041014 -0.00550011 -0.00527512
11041016 -0.00579374 -0.0053391
11041017 -0.00606915 -0.00563451
11041018 -0.00627063 -0.00578008
11041022 -0.00658859 -0.00608227
11041023 -0.00668687 -0.00620188
11041040 -0.00645965 -0.00626271
11041041 -0.00685942 -0.00668366
11042001 -0.00617521 -0.00596392
11042002 -0.00669287 -0.00643674
11042003 -0.00703496 -0.00673024
11042004 -0.00728451 -0.00699201
11042005 -0.0074595 -0.00718447
11042006 -0.00767851 -0.00739823
11042007 -0.00780048 -0.00754651
11042008 -0.00791643 -0.00763033
11042011 -0.00802689 -0.00781884
11042012 -0.00810706 -0.00791448
11042018 -0.0059606 -0.00550425
11042019 -0.00635654 -0.00590763
11042020 -0.00654538 -0.00612754
11042021 -0.00666535 -0.0063561
11042022 -0.0069146 -0.00661041
11042023 -0.00710237 -0.00681441
11042024 -0.00717023 -0.00686431
11042025 -0.00723992 -0.00696386
11042026 -0.00723089 -0.0070282
11042027 -0.00726704 -0.00712299
11042042 -0.00574417 -0.00557528
11042043 -0.00613155 -0.00595469
11042044 -0.00625013 -0.00603553
11042045 -0.00643121 -0.00624407
11042046 -0.00656198 -0.00639424
11042047 -0.00669735 -0.0064261
11042048 -0.00669346 -0.00654358
11042049 -0.00596473 -0.0058515
11044006 -0.0029846 -0.00304497
11044007 -0.00361454 -0.0036406
11044008 -0.00396203 -0.00396753
11044009 -0.00426932 -0.00428566
11044010 -0.00440433 -0.00442305
11044011 -0.00449788 -0.004475
11044014 -0.00479178 -0.00475918
11044015 -0.00506131 -0.00497686
11044016 -0.00520107 -0.00508057
11044024 -0.00280778 -0.00259663
11044025 -0.00346 -0.00331182
11044026 -0.00367565 -0.00358057
11044027 -0.00414838 -0.00401009
11044028 -0.0045338 -0.00441806
11044029 -0.00475673 -0.00459061
11044031 -0.00488177 -0.00472863
11044032 -0.00523922 -0.00512589
11044033 -0.00512274 -0.00499026
11044034 -0.00510077 -0.00495169
11044047 -0.00335746 -0.00309217
11044048 -0.00387307 -0.00362566
11044049 -0.00414712 -0.00384337
11044050 -0.00426213 -0.00404034
11044051 -0.00458406 -0.00436561
11045001 -0.00474637 -0.00455593
11045002 -0.00495679 -0.00476641
11045003 -0.00508293 -0.00489049
11045004 -0.00517411 -0.00498532
11045006 -0.00526296 -0.00515311
11045011 -0.00331941 -0.00318001
11045012 -0.00385069 -0.00369221
11045013 -0.00417811 -0.00405354
11045014 -0.00441625 -0.00430475
11045016 -0.00470254 -0.00463426
11045017 -0.00483302 -0.00480728
11045018 -0.0048047 -0.0048124
11045019 -0.00503797 -0.00507313
11045020 -0.00508399 -0.00509468
11045021 -0.0051207 -0.00511475
11045022 -0.00524368 -0.00527596
11045023 -0.00548168 -0.00553699
11045024 -0.00554102 -0.005646
11045032 -0.00316135 -0.00307828
11045033 -0.00377165 -0.0036993
11045034 -0.00414879 -0.00411578
11045035 -0.00446437 -0.00438717
11045036 -0.00463183 -0.00463643
11045037 -0.00471776 -0.0047526
11045038 -0.00482262 -0.00485059
11045039 -0.00494978 -0.00503549
11045040 -0.00507496 -0.00509924
11045041 -0.0051959 -0.00518518
11045051 -0.00359269 -0.00366265
11045052 -0.00415521 -0.00416173
11045053 -0.00437164 -0.00444527
11045057 -0.00500562 -0.00521174
11045058 -0.0049597 -0.00507186
11045059 -0.00519904 -0.00534171
11045060 -0.00527818 -0.00540112
11045076 -0.00311662 -0.00315797
11045077 -0.0037412 -0.00381766
11045078 -0.00395016 -0.00414244
11045079 -0.00411942 -0.00424601
11045080 -0.00436563 -0.00451743
11045081 -0.0044703 -0.00463746
11045082 -0.00449085 -0.00462458
11045083 -0.00457088 -0.00472273
11045084 -0.00455736 -0.00476093
11045085 -0.00466008 -0.00484153
11045086 -0.00479218 -0.00496812
11045087 -0.00490826 -0.00511678
11046001 -0.00504762 -0.00522391
11046002 -0.00511242 -0.00530031
11046007 -0.00319093 -0.00330492
11046008 -0.00354884 -0.003685
11046009 -0.00400529 -0.00416081
11046010 -0.00421532 -0.00440529
11046011 -0.00439067 -0.00459418
11046012 -0.00449778 -0.00466768
11046013 -0.00473271 -0.004898
11046016 -0.0046673 -0.00479767
11046017 -0.00486236 -0.00497468
11046018 -0.00491623 -0.00483323
11046024 -0.00311751 -0.00320909
11046025 -0.00364713 -0.00376283
11046026 -0.00390565 -0.00408969
11046027 -0.00411966 -0.00430004
11046028 -0.00428112 -0.00441678
11046030 -0.00471372 -0.00479135
11046032 -0.00493451 -0.00500717
11046042 -0.00312124 -0.00320218
11046043 -0.00383779 -0.00396625
11046044 -0.00409637 -0.00424193
11046045 -0.00436815 -0.00449244
11046046 -0.00450685 -0.00465771
11046048 -0.00480421 -0.00492938
11046049 -0.0050732 -0.00517009
11046050 -0.00519298 -0.00527219
11046063 -0.00323678 -0.00316988
11046064 -0.00367639 -0.00357828
11046065 -0.00404968 -0.00396473
11046066 -0.00428081 -0.00422584
11046069 -0.00467929 -0.00467687
11046070 -0.00485809 -0.00489588
11046077 -0.0035708 -0.00350045
11046078 -0.004166 -0.00416476
11046079 -0.00432749 -0.00437127
11046080 -0.00469513 -0.00478837
11046081 -0.00505315 -0.00515739
11046082 -0.00528023 -0.00539089
11046083 -0.0054798 -0.00559167
11047007 -0.00418382 -0.00406653
11047008 -0.0046943 -0.00458705
11047009 -0.00500699 -0.00481629
11047010 -0.00527245 -0.00508933
11047011 -0.00556623 -0.00531034
11047012 -0.00568646 -0.00545054
11047014 -0.00464786 -0.00424216
11047015 -0.00525456 -0.00490864
11047016 -0.00555374 -0.00517974
11047017 -0.00569607 -0.00536361
11047018 -0.00591743 -0.00559664
11047019 -0.00608373 -0.00577433
11047020 -0.00631611 -0.00600393
11047021 -0.00644937 -0.00618606
11047022 -0.0066728 -0.00636323
11047023 -0.00685685 -0.00660094
11047024 -0.00703367 -0.00681495
11047036 -0.00585249 -0.00557958
11047037 -0.00617197 -0.00595594
11047038 -0.0065708 -0.00605136
11047039 -0.00664701 -0.00643369
11047040 -0.0069193 -0.00664134
11047041 -0.00698887 -0.00674989
11047043 -0.00716263 -0.00687526
11047044 -0.00729176 -0.00706158
11047046 -0.00747464 -0.0072101
11047047 -0.00761368 -0.00729233
11047048 -0.00766827 -0.0073973
11047057 -0.0063202 -0.0059397
11047058 -0.00686325 -0.00651838
11047060 -0.00717997 -0.00687419
11047061 -0.00732122 -0.0069889
11047065 -0.00593564 -0.00563618
11047066 -0.00631041 -0.00599681
11047067 -0.0065299 -0.00629258
11047068 -0.00664156 -0.00638445
11047069 -0.00676605 -0.00651535
11048006 -0.00626859 -0.00718931
11048007 -0.00642059 -0.00713439
11048008 -0.00637447 -0.00703666
11048009 -0.00665285 -0.00714977
11048010 -0.00687283 -0.00732157
11048013 -0.00590926 -0.00607029
11048015 -0.00616641 -0.00635944
11048016 -0.00632189 -0.00646155
11048017 -0.0065183 -0.00665177
11048018 -0.0066565 -0.00678758
11048019 -0.0068837 -0.00704062
11048037 -0.00628833 -0.0065187
11049001 -0.00644842 -0.00670995
11049002 -0.00657166 -0.00683002
11049005 -0.00672275 -0.00694878
11049006 -0.00671337 -0.00700003
11049007 -0.0067875 -0.00704919
11049008 -0.00692793 -0.00722282
11049009 -0.00706653 -0.00737538
11049011 -0.00713587 -0.0074289
11049014 -0.00720898 -0.00746352
11049017 -0.00666001 -0.00686281
11049019 -0.0068385 -0.00709208
11049020 -0.00684826 -0.00714044
11049021 -0.00694829 -0.00718524
11049022 -0.0070354 -0.00727458
11049023 -0.00732802 -0.00750879
11049024 -0.00715814 -0.00747903
11049025 -0.00724675 -0.00753787
11049026 -0.00733984 -0.00770119
11049027 -0.00741793 -0.00775533
11049028 -0.00747099 -0.00779521
11049030 -0.00751054 -0.00788624
11049036 -0.00627586 -0.00648431
11049039 -0.00645568 -0.00669395
11049040 -0.0065762 -0.00681506
11049041 -0.00676525 -0.00699898
11049042 -0.00675649 -0.00699464
11049043 -0.00680687 -0.0070166
11049044 -0.00687154 -0.00706589
11049045 -0.00690962 -0.00707411
11049046 -0.00694516 -0.00713745
11049049 -0.00522865 -0.00529222
11049050 -0.0053447 -0.00538141
11049051 -0.0057244 -0.00585974
11049052 -0.00608207 -0.00622419
11049053 -0.00613553 -0.0062606
11049054 -0.00634806 -0.00647352
11049055 -0.00639038 -0.00651387
11049056 -0.00646781 -0.00657706
11049057 -0.00650403 -0.00668177
11049058 -0.00658813 -0.00669638
11049059 -0.00661432 -0.00673884
11049060 -0.00676318 -0.00691656
11050002 -0.00613992 -0.00621036
11050003 -0.00632741 -0.00637846
11050004 -0.00640257 -0.00651212
11050005 -0.0064588 -0.00659144
11050007 -0.00652372 -0.00667019
11050012 -0.0066857 -0.0068423
11050013 -0.00678483 -0.00698991
11050014 -0.00665986 -0.00684054
11050015 -0.00676128 -0.00692981
11050016 -0.00675015 -0.00694661
11050017 -0.00687309 -0.00705734
11050018 -0.0068858 -0.00707434
11050020 -0.00597382 -0.00610566
11050021 -0.00628763 -0.00646235
11050022 -0.00638588 -0.00656548
11050023 -0.00643469 -0.00656231
11050025 -0.00647496 -0.00663542
11050026 -0.00643462 -0.00662236
11050027 -0.00648042 -0.00668963
11050028 -0.00646804 -0.00669339
11050029 -0.00650718 -0.00676124
11050030 -0.00650297 -0.00676471
11050031 -0.00655705 -0.00682114
11050032 -0.00657825 -0.00686636
11050040 -0.00491714 -0.00524113
11050041 -0.00514458 -0.00546205
11050042 -0.00524877 -0.00561016
11050043 -0.0053549 -0.00570215
11050044 -0.00558709 -0.00594369
11050047 -0.00573692 -0.00606569
11050050 -0.00587844 -0.00624955
11050051 -0.00587383 -0.0062417
11050052 -0.00587269 -0.00623356
11050053 -0.00607717 -0.00645066
11050054 -0.00620215 -0.00656435
11050056 -0.00458924 -0.00482397
11051001 -0.00504829 -0.00542507
11051002 -0.00511113 -0.00548136
11051004 -0.00519462 -0.00556481
11051005 -0.00526002 -0.00568578
11051006 -0.00533944 -0.00575673
11051009 -0.00541365 -0.00587458
11051010 -0.00544083 -0.00592203
11051011 -0.00559439 -0.00608488
11051012 -0.00566998 -0.00618186
11051013 -0.00576219 -0.00627342
11051015 -0.00422 -0.00466146
11051016 -0.0047691 -0.00519745
11051017 -0.00487623 -0.00537869
11051019 -0.00508098 -0.00552491
11051020 -0.00523242 -0.00572512
11051021 -0.00523848 -0.00574294
11051022 -0.00529875 -0.00574018
11051023 -0.00530067 -0.00575675
11051024 -0.00556304 -0.00601201
11051034 -0.00344521 -0.00405173
11051035 -0.00367286 -0.00383582
11051037 -0.00319811 -0.00299636
11051038 -0.00312614 -0.00261027
11051039 -0.0036581 -0.0034802
11051040 -0.00408905 -0.00413827
11051041 -0.00446993 -0.00450323
11051042 -0.00462925 -0.0047434
11051043 -0.00468906 -0.00474916
11051044 -0.00491775 -0.00489822
11051045 -0.00494528 -0.00492111
11051046 -0.00492033 -0.00491976
11051047 -0.00488751 -0.00490905
11051048 -0.00491341 -0.0050156
11051049 -0.00508828 -0.00503549
11051050 -0.00503424 -0.00514169
11051051 -0.00519545 -0.00518826
11051052 -0.00520959 -0.00516296
11051053 -0.00526121 -0.00517428
11051054 -0.0053006 -0.00516744
11051055 -0.00542483 -0.00532886
11051057 -0.00332909 -0.00308869
11051058 -0.00391581 -0.00367443
11051059 -0.00420383 -0.00390218
11051060 -0.00451688 -0.00427995
11051061 -0.00481664 -0.00463044
11051062 -0.00488459 -0.00471467
11051063 -0.00507358 -0.00490111
11051064 -0.00527302 -0.00510827
11051068 -0.00553637 -0.0056171
11051069 -0.00552296 -0.00549635
11051070 -0.00564631 -0.00568233
11051072 -0.00576278 -0.00585265
11051073 -0.00589908 -0.00603531
11051078 -0.00494239 -0.00503142
11051079 -0.00530332 -0.00547645
11051080 -0.00548909 -0.00570821
11051081 -0.00558929 -0.00579182
11051082 -0.00563721 -0.00591664
11051083 -0.00571564 -0.00598379
11051084 -0.0057945 -0.00608053
11051085 -0.00581984 -0.00605666
11052002 -0.00420174 -0.00428716
11052003 -0.00489482 -0.00512684
11052004 -0.00503971 -0.00528493
11052005 -0.0051249 -0.00542401
11052006 -0.0053072 -0.00560504
11052007 -0.00544993 -0.00574823
11052008 -0.00552071 -0.00577413
11052009 -0.00572977 -0.00603894
11052010 -0.00574232 -0.00604139
11052011 -0.00578988 -0.00613163
11052012 -0.00579192 -0.00613661
11052014 -0.0041819 -0.00443804
11052015 -0.00478222 -0.00508319
11052016 -0.00502337 -0.00525653
11052017 -0.00524391 -0.00556525
11052018 -0.0053482 -0.00575429
11052019 -0.00536767 -0.00567766
11052020 -0.00553959 -0.00585965
11052021 -0.00559599 -0.00586673
11052022 -0.00563601 -0.00590037
11052024 -0.00572698 -0.00599224
11052036 -0.00407001 -0.00401599
11052037 -0.00458931 -0.00456004
11052038 -0.00475432 -0.00481369
11052040 -0.00485769 -0.00482247
11052041 -0.0049755 -0.00493046
11052042 -0.00522646 -0.00521332
11052043 -0.00544056 -0.00543171
11052044 -0.00558336 -0.00557594
11052045 -0.00554285 -0.00555734
11052047 -0.00500896 -0.00504297
11052048 -0.00531031 -0.00538825
11052049 -0.00541302 -0.00552892
11052050 -0.00552701 -0.00564479
11052051 -0.00564676 -0.00574071
11052052 -0.00576923 -0.00583623
11052053 -0.00579468 -0.00589229
11052054 -0.00587276 -0.0059687
11052055 -0.00588679 -0.00595812
11052056 -0.00601135 -0.00605377
11052058 -0.00402022 -0.00383476
11052059 -0.00471109 -0.00458204
11053001 -0.00470686 -0.00459716
11053002 -0.00499414 -0.00488842
11053003 -0.00527045 -0.00516864
11053004 -0.00538381 -0.00528613
11053005 -0.00550075 -0.00540131
11053006 -0.00573875 -0.00564131
11053007 -0.00567569 -0.00553785
11053008 -0.00570099 -0.00564809
11053012 -0.00406679 -0.0039623
11053013 -0.00455681 -0.00451559
11053014 -0.00477719 -0.00473684
11053016 -0.00486186 -0.00485443
11053017 -0.00503368 -0.00503579
11053018 -0.00509212 -0.00515075
11053019 -0.00522494 -0.00528324
11053020 -0.00539548 -0.00532229
11053021 -0.00544295 -0.00533935
11053022 -0.00547817 -0.00537531
11053028 -0.00398403 -0.003814
11053029 -0.00456944 -0.00442903
11053030 -0.0047534 -0.00464157
11053031 -0.00481992 -0.00478381
11053032 -0.00493442 -0.00488196
11053033 -0.00506032 -0.00499484
11053038 -0.00534974 -0.00525989
11053039 -0.00527735 -0.00519389
11053040 -0.00517798 -0.00497675
11053041 -0.00523303 -0.00508263
11053043 -0.00281598 -0.00283011
11053044 -0.00378591 -0.00352317
11053045 -0.00442327 -0.0041004
11053046 -0.0046624 -0.00448276
11053047 -0.00500524 -0.00482217
11053048 -0.00511306 -0.00494394
11053049 -0.00520577 -0.00624
11053050 -0.0052626 -0.00530569
11053051 -0.00532201 -0.0052588
11053056 -0.00473627 -0.00462181
11053057 -0.00492633 -0.00493325
11054005 -0.00408245 -0.0038338
11054008 -0.00489921 -0.00458513
11054009 -0.00526321 -0.00503539
11054010 -0.00558915 -0.00534959
11054011 -0.00571683 -0.00544719
11054012 -0.00592852 -0.00548495
11054013 -0.00591241 -0.00577665
11054019 -0.00398198 -0.00359413
11054020 -0.00439324 -0.00397748
11054021 -0.00469335 -0.00435966
11054022 -0.00504512 -0.00465386
11054023 -0.00510211 -0.00469202
11054024 -0.00534964 -0.00560918
11054027 -0.00539209 -0.00516395
11054028 -0.00553646 -0.00518823
11054029 -0.00566729 -0.00505123
11054030 -0.00591746 -0.00552961
11054050 -0.00386161 -0.00354091
11054051 -0.00449899 -0.00700282
11054052 -0.00462644 -0.00420353
11054053 -0.00485507 -0.00423645
11054054 -0.00510362 -0.00521581
11054058 -0.00404375 -0.00365794
11054059 -0.00454539 -0.00401697
11054060 -0.00489511 -0.00441422
11054061 -0.0050933 -0.00465601
11054062 -0.00534855 -0.00467614
11054063 -0.00522881 -0.00504552
11054064 -0.00534023 -0.0050394
11054065 -0.00543218 -0.00519763
11054066 -0.00561223 -0.00477905
11054067 -0.00548768 -0.00498738
11055095 -0.00521064 -0.0056914
11055096 -0.00549843 -0.00598115
11055097 -0.00580035 -0.00582434
11055098 -0.00607411 -0.006564
11055099 -0.00635229 -0.0063009
11055100 -0.00650417 -0.00710038
11055101 -0.00664443 -0.00694258
11055102 -0.00665553 -0.00677209
11055103 -0.0068357 -0.00745638
11056005 -0.00611077 -0.00586268
11056006 -0.00653396 -0.0064059
11056007 -0.00676963 -0.00662949
11056008 -0.00706151 -0.00695519
11056009 -0.00743754 -0.00713519
11056010 -0.00770328 -0.00730513
11056011 -0.00782331 -0.00772218
11056017 -0.00812369 -0.00928219
11056018 -0.00816717 -0.00767667
11056019 -0.00837324 -0.00817129
11056029 -0.00579329 -0.00466929
11056030 -0.00699933 -0.00665673
11056031 -0.00742637 -0.00690434
11056032 -0.00766717 -0.00735585
11056033 -0.00783296 -0.00753201
11056034 -0.00805459 -0.00746258
11056035 -0.00822932 -0.00720314
11056036 -0.00823827 -0.00783336
11056037 -0.00843558 -0.00804721
11056038 -0.00858335 -0.00820471
11056039 -0.0087497 -0.00811643
11056040 -0.00875685 -0.00825357
11056043 -0.00756489 -0.0090769
11056045 -0.00814493 -0.0075334
11056046 -0.00850127 -0.00805495
11056047 -0.00873705 -0.00833657
11056048 -0.00906079 -0.00863443
11056049 -0.00945838 -0.00884304
11056050 -0.00939287 -0.0090664
11056051 -0.00949449 -0.0081298
11056053 -0.00969558 -0.00931939
11056054 -0.00979543 -0.00928341
11056055 -0.00972195 -0.00931449
11057012 -0.00666327 -0.0139418
11057019 -0.00737349 -0.00653065
11057027 -0.00711203 -0.00684967
11057028 -0.00746377 -0.00665835
11057029 -0.00778748 -0.0069718
11057030 -0.00798782 -0.00744814
11057031 -0.0079532 -0.0074739
11057032 -0.00802958 -0.00743733
11057033 -0.00807631 -0.00759347
11057034 -0.0081557 -0.00762499
11057035 -0.00862715 -0.00805768
11057036 -0.00850764 -0.00793356
11057037 -0.00823364 -0.00776273
11057038 -0.00831748 -0.00956156
11057039 -0.0084053 -0.0053799
11057040 -0.00843857 -0.00803488
11057041 -0.00815723 -0.00438428
11057046 -0.0067372 0.014413
11057048 -0.00719191 -0.0068558
11057049 -0.00749631 -0.00758251
11057050 -0.00757369 -0.00707083
11057051 -0.00766028 -0.00737119
11057052 -0.00794911 -0.00771898
11058001 -0.00802953 -0.00767132
11058002 -0.00816365 -0.007702
11058003 -0.00815958 -0.00756981
11058004 -0.00823395 -0.00800043
11058005 -0.00828224 -0.00810283
11058010 -0.00742966 -0.00665267
11058011 -0.00793534 -0.00758776
11058012 -0.00808847 -0.007884
11058013 -0.00818468 -0.00786162
11058014 -0.00834213 -0.00810083
11058015 -0.00860061 -0.00809002
11058016 -0.00849711 -0.00823628
11058017 -0.00861001 -0.00842154
11058018 -0.00879062 -0.00790857
11058020 -0.00859976 -0.00822045
11058025 -0.00871593 -0.00829408
11058040 -0.00772606 -0.00743735
11058041 -0.00821831 -0.00783142
11058042 -0.00824602 -0.00784488
11058043 -0.00846767 -0.00810311
11058044 -0.00843758 -0.00799932
11058045 -0.00858656 -0.00812592
11058046 -0.008711 -0.00833868
11058048 -0.00878525 -0.00838651
11058049 -0.00881734 -0.00839887
11058050 -0.00891895 -0.00838707
11058055 -0.00630787 -0.00600591
11058056 -0.00727331 -0.00692986
11058057 -0.0077225 -0.00727592
11058058 -0.00798136 -0.0073684
11058059 -0.00814523 -0.00786009
11058060 -0.00812259 -0.00787956
11058061 -0.0083158 -0.00803977
11058062 -0.00841654 -0.00815121
11058063 -0.00850617 -0.00819093
11058064 -0.00844523 -0.00821243
11058065 -0.00838951 -0.00822431
11058070 -0.00588698 -0.00581312
11058071 -0.00615566 -0.00597836
11058072 -0.00630138 -0.00615722
11058073 -0.00636275 -0.00655127
11058074 -0.00668925 -0.00653641
11058075 -0.0069115 -0.00675837
11058076 -0.00713363 -0.00699816
11058078 -0.00725879 -0.00693741
11058083 -0.00756124 -0.00498384
11058084 -0.00738595 -0.00734896
11058085 -0.00745395 -0.00736747
11058086 -0.00754127 -0.00712802
11058087 -0.00748725 -0.00740101
11059005 -0.00688803 -0.00642118
11059006 -0.00703695 -0.00707093
11059007 -0.00728144 -0.00721151
11059008 -0.0075498 -0.00731885
11059009 -0.00776742 -0.00760985
11059010 -0.00784881 -0.00775578
11059011 -0.00795839 -0.0074747
11059012 -0.00779105 -0.00822264
11059013 -0.00796102 -0.00795966
11059014 -0.00796603 -0.00771114
11059015 -0.0079309 -0.00772113
11059016 -0.00795059 -0.00799988
11059017 -0.00803034 -0.0094126
11059021 -0.00647396 -0.00622733
11059022 -0.00714276 -0.00677032
11059023 -0.00731228 -0.00702085
11059024 -0.00746917 -0.00721212
11059025 -0.00758584 -0.00747273
11059027 -0.00770358 -0.00773901
11059028 -0.0078474 -0.0076019
11059029 -0.00784262 -0.007653
11059030 -0.00794316 -0.00785906
11059031 -0.00797617 -0.0077608
11059032 -0.00794514 -0.00760127
11059043 -0.00600478 -0.00569402
11059044 -0.00648917 -0.00615586
11059047 -0.00683013 -0.00641227
11059048 -0.00707321 -0.00670078
11059049 -0.00715231 -0.00682484
11059050 -0.0073548 -0.00690806
11059051 -0.00745201 -0.0069868
11059052 -0.00767308 -0.0071097
11059053 -0.00759767 -0.0137914
11059054 -0.00766756 -0.0102154
11059055 -0.00782339 -0.007303
11059060 -0.00553888 -0.00475126
11059061 -0.00609925 -0.00551056
11059062 -0.00647708 -0.00597473
11059063 -0.00664859 -0.00636116
11059065 -0.00685097 -0.00643843
11059066 -0.00714467 -0.00676897
11059067 -0.00727939 -0.00713475
11059068 -0.00735412 -0.00710474
11059069 -0.00737412 -0.00699027
11059075 -0.00562233 -0.00981716
11059076 -0.00648028 -0.00592709
11059077 -0.00675497 -0.00648672
11060002 -0.00699125 -0.00680407
11060003 -0.0071506 -0.00715841
11060004 -0.00729468 -0.00497958
11060005 -0.00735194 -0.00709725
11060007 -0.00742867 -0.00886921
11060010 -0.00745688 -0.00732829
11060015 -0.00654801 -0.0061537
11060016 -0.0070187 -0.00660595
11060017 -0.00731153 -0.00693187
11060018 -0.00742558 -0.00703121
11060019 -0.00755292 -0.00728725
11060021 -0.00762716 -0.00746124
11060022 -0.00771262 -0.00749288
11060023 -0.0077925 -0.0075194
11060024 -0.00781357 -0.00756091
11060034 -0.00618215 -0.0058899
11060046 -0.00607742 -0.00573114
11060047 -0.0066363 -0.0115891
11060048 -0.00652655 -0.00618875
11060049 -0.00685381 -0.00609427
11060050 -0.00679143 -0.00631111
11060051 -0.00710144 -0.0066741
11060052 -0.0071177 -0.00630643
11060053 -0.00716501 -0.00705847
11060054 -0.00722597 -0.0069024
11060055 -0.00736695 -0.00694507
11060056 -0.0074005 -0.0071082
11060057 -0.00739827 -0.00704935
11060058 -0.00751992 -0.007191
11060059 -0.00780689 -0.00716824
11060070 -0.00587293 -0.00528329
11060071 -0.00602279 -0.0054511
11060072 -0.00613473 -0.00563771
11060073 -0.00638192 -0.00586593
11060074 -0.0064606 -0.00379634
11060075 -0.00654691 -0.0100094
11060076 -0.00667315 -0.00643862
11060077 -0.006742 -0.00615378
11060078 -0.00666685 -0.0062232
11060079 -0.00679311 -0.00639639
11060080 -0.00683904 -0.00607593
11060081 -0.00684878 -0.00638736
11060082 -0.00686245 -0.00651155
11061001 -0.00699383 -0.00654448
11061008 -0.00581888 -0.00500326
11061009 -0.00593471 -0.00277896
11061010 -0.0059843 -0.00558712
11061011 -0.00616128 -0.00636484
11061012 -0.00623917 -0.00598151
11061013 -0.00644561 -0.00584601
11061014 -0.00652902 -0.00635423
11061015 -0.00652903 -0.00647686
11061016 -0.00662339 -0.00640494
11061017 -0.0067919 -0.00672489
11061018 -0.00678811 -0.00657885
11061019 -0.00690943 -0.00680391
11061020 -0.00694559 -0.00672167
11061021 -0.00682264 -0.00265073
11061022 -0.0069819 -0.00699541
11061028 -0.00562674 -0.00535235
11061029 -0.0058727 -0.00592871
11061030 -0.00611113 -0.00591597
11061031 -0.0062094 -0.00601855
11061032 -0.00637561 -0.00614015
11061034 -0.00663834 -0.00632058
11061037 -0.00683604 -0.00642656
11061038 -0.00670444 -0.00634885
11061039 -0.00669649 -0.00638382
11061040 -0.0068493 -0.00643326
11061041 -0.00692466 -0.00652117
11061042 -0.00694569 -0.006881
11061043 -0.00694709 -0.0062134
11061061 -0.0051052 -0.00458631
11061062 -0.00557954 -0.00510079
11061063 -0.00561789 -0.00524142
11061064 -0.0059161 -0.00546309
11061065 -0.0060293 -0.00562964
11061066 -0.00623007 -0.00574779
11061067 -0.00634261 -0.00609184
11061069 -0.00623805 -0.00616665
11061070 -0.00634625 -0.00592781
11061071 -0.00650233 -0.00623804
11061072 -0.00654695 -0.00601066
11061079 -0.00466085 -0.00410364
11061080 -0.00520294 -0.00495212
11061081 -0.00550022 -0.0048843
11061082 -0.00590249 -0.00555839
11061083 -0.00595351 -0.00557125
11061084 -0.00609399 -0.00464116
11061085 -0.00626997 -0.00592424
11061086 -0.00640502 -0.005949
11061089 -0.00663689 -0.00613784
11061090 -0.00673199 -0.00601388
11062001 -0.0058408 -0.00499543
11062003 -0.00609457 -0.0063678
11062004 -0.0063377 -0.00551875
11062005 -0.00642673 -0.00570702
11062006 -0.0066872 -0.00592722
11062007 -0.00682837 -0.00607805
11062008 -0.00695732 -0.00635871
11062009 -0.00706225 -0.00633531
11062010 -0.00715187 -0.00659226
11062011 -0.00727338 -0.00657908
11062017 -0.00547691 -0.00488029
11062018 -0.00603713 -0.00537324
11062019 -0.00630265 -0.00549017
11062022 -0.00681853 -0.00599806
11062023 -0.00706939 -0.00620219
11062024 -0.00709818 -0.00638672
11062025 -0.00716986 -0.00611446
11062068 -0.00607523 -0.00541462
11062069 -0.00671683 -0.0059815
11062070 -0.00691369 -0.00624474
11062071 -0.0070996 -0.00646059
11062072 -0.0071432 -0.00657006
11062073 -0.00707006 -0.00690203
11062074 -0.00728256 -0.00670161
11063001 -0.00741005 -0.00806772
11063006 -0.00603826 -0.00572718
11063007 -0.00622683 -0.00532629
11063008 -0.00642506 -0.00581686
11063011 -0.0039596 -0.00633041
11063013 -0.00716642 -0.00671981
11063014 -0.00730523 -0.00699346
11063015 -0.00751534 -0.0069306
11063016 -0.0076008 -0.00698198
11063017 -0.00766525 -0.00767863
11063027 -0.00616625 -0.00544716
11063028 -0.00657485 -0.0108611
11063032 -0.00684004 -0.00612245
11063033 -0.00695508 -0.00634489
11063034 -0.00703402 -0.00640809
11063036 -0.00734823 -0.00625171
11063037 -0.00702326 -0.00657262
11063043 -0.00737143 -0.00670516
11063044 -0.00748481 -0.00680369
11063047 -0.00763087 -0.00699746
11063048 -0.00763546 -0.00702375
11063049 -0.00765907 -0.00704141
11063050 -0.00773221 -0.00712124
11063054 -0.00747795 -0.00652539
11063060 -0.00572211 -0.00524729
11063061 -0.00609338 -0.00521296
11063063 -0.00640013 -0.00589355
11063064 -0.00641251 -0.00578018
11063065 -0.00665251 -0.00613981
11063066 -0.00664532 -0.00605642
11063067 -0.00676114 -0.00610132
11063068 -0.00678215 -0.00612878
11063070 -0.00500941 -0.00432843
11063076 -0.00602905 -0.00532176
11063077 -0.00585742 -0.00523637
11063078 -0.00609279 -0.00545665
11063079 -0.00623734 -0.00557854
11063081 -0.00645508 -0.00578629
11063082 -0.00658009 -0.00591032
11063083 -0.00676181 -0.00586565
11063084 -0.00665568 -0.00602485
11063085 -0.0068238 -0.00638042
11063086 -0.00671409 -0.00578321
11064003 -0.00464683 -0.00607814
11064004 -0.00524732 -0.00445862
11064005 -0.00569058 -0.00532258
11064006 -0.00594781 -0.0054317
11064007 -0.00610952 -0.00573504
11064009 -0.00630569 -0.00599271
11064010 -0.00642426 -0.00592643
11064011 -0.00639852 -0.0059322
11064012 -0.00652697 -0.00740551
11064013 -0.00664465 -0.00639924
11064015 -0.00469547 -0.00888008
11064016 -0.00516968 -0.00438758
11064017 -0.00540846 -0.0050651
11064018 -0.00573062 -0.00521815
11064019 -0.00576812 -0.00524588
11064020 -0.00596645 -0.00534752
11064021 -0.00599168 -0.0053714
11064022 -0.00603525 -0.00548126
11064023 -0.00655125 -0.00602667
11064029 -0.00509635 -0.00451805
11064030 -0.00546555 -0.00491591
11064031 -0.00575362 -0.00516261
11064032 -0.00582674 -0.00532364
11064033 -0.00588486 -0.00539737
11064034 -0.00599062 -0.00547755
11064035 -0.00617788 -0.005565
11064036 -0.00619057 -0.00560853
11064037 -0.00623476 -0.00565824
11064038 -0.00634414 -0.0057679
11064039 -0.00648442 -0.00587944
11064040 -0.00651488 -0.00592281
11064041 -0.00666856 -0.00604485
11064042 -0.00679642 -0.00618739
11064043 -0.00675545 -0.00616627
11064057 -0.00300215 -0.00263048
11064058 -0.00346841 -0.00313989
11064059 -0.00378069 -0.00351371
11064060 -0.00382044 -0.00356138
11064061 -0.0037727 -0.00354061
11064062 -0.00377711 -0.0035639
11064063 -0.00385374 -0.00364176
11064064 -0.00394241 -0.0037538
11064065 -0.00397017 -0.0038159
11064068 -0.00249097 -0.00235703
11065003 -0.00218928 -0.0020106
11065004 -0.00263238 -0.00253243
11065005 -0.00286614 -0.00281965
11065006 -0.00305855 -0.00303193
11065007 -0.00321172 -0.00328977
11065008 -0.00337641 -0.00336548
11065009 -0.00336579 -0.0033836
11065010 -0.00347229 -0.00344203
11065011 -0.00350439 -0.0034612
11065013 -0.00209189 -0.00197497
11065014 -0.00262122 -0.00257813
11065015 -0.00289653 -0.00283734
11065016 -0.00307122 -0.00301264
11065017 -0.00325295 -0.00312299
11065018 -0.00329872 -0.00311507
11065019 -0.0033615 -0.00316041
11065020 -0.00339379 -0.0032608
11065021 -0.00346658 -0.00336202
11065022 -0.00356275 -0.0034412
11065028 -0.00189774 -0.00177013
11065029 -0.00226847 -0.00217001
11065030 -0.00223932 -0.00217417
11065031 -0.00249906 -0.00232414
11065032 -0.0027392 -0.00257774
11065033 -0.00292587 -0.00282021
11065035 -0.00184582 -0.0016709
11065036 -0.00245674 -0.00233712
11065038 -0.00280264 -0.00272284
11065039 -0.00294812 -0.00285298
11065040 -0.00318751 -0.00306817
11065041 -0.00335501 -0.00325649
11065042 -0.00348658 -0.0033631
11065043 -0.00349198 -0.00351466
11065044 -0.0036335 -0.00362924
11065045 -0.003719 -0.00369861
11065048 -0.00196577 -0.00182788
11065049 -0.00254781 -0.00253728
11065050 -0.00290983 -0.00297324
11065052 -0.00300554 -0.00304996
11065053 -0.00320687 -0.00316756
11065054 -0.00346935 -0.00346396
11065055 -0.00358834 -0.00354511
11065058 -0.00367328 -0.00367897
11065059 -0.00366761 -0.00375129
11066001 -0.00371487 -0.00381101
11066002 -0.0037579 -0.00387058
11066004 -0.00221907 -0.00223318
11066005 -0.00270422 -0.00280554
11066006 -0.00293084 -0.00300124
11066007 -0.00315827 -0.00317606
11066008 -0.00331119 -0.00342063
11066009 -0.00354308 -0.00373564
11066010 -0.00357589 -0.0037702
11066011 -0.00362401 -0.00382986
11066013 -0.00361267 -0.00382698
11066014 -0.0037059 -0.00389765
11066015 -0.00367777 -0.00425058
11066017 -0.00223573 -0.00219458
11066018 -0.00260533 -0.00272898
11066019 -0.00253103 -0.00255676
11066020 -0.00276509 -0.00270674
11066021 -0.00299248 -0.00287735
11066025 -0.00338944 -0.00320775
11066026 -0.00343493 -0.00344614
11066027 -0.0035531 -0.00353759
11066028 -0.00369969 -0.0037097
11066029 -0.00375143 -0.0037366
11066035 -0.00249353 -0.00249466
11066036 -0.00291873 -0.00289676
11066037 -0.0032314 -0.00322555
11066038 -0.00349434 -0.00346847
11066039 -0.0035731 -0.0035597
11066040 -0.00373033 -0.00371314
11066041 -0.00382646 -0.00383999
11066042 -0.00387808 -0.00389515
11066043 -0.00400453 -0.00404194
11066044 -0.00414737 -0.00416564
11066045 -0.004085 -0.00431683
11066048 -0.00314388 -0.00307017
11066050 -0.00351386 -0.00341836
11066051 -0.00380471 -0.00375215
11066052 -0.00411535 -0.00410374
11066054 -0.00219989 -0.00233219
11066055 -0.00247234 -0.00225071
11066056 -0.00275708 -0.00261545
11067002 -0.00308908 -0.00302028
11067003 -0.00330622 -0.0031839
11067008 -0.00363879 -0.00359656
11067010 -0.0038238 -0.00375354
11067011 -0.00397057 -0.00392636
11067012 -0.00409536 -0.00404306
11067013 -0.00415823 -0.00409767
11067014 -0.00431199 -0.00425117
11067015 -0.00432339 -0.00431381
11067017 -0.00290409 -0.00275197
11067018 -0.00353014 -0.0033534
11067019 -0.00382108 -0.00361628
11067020 -0.00403809 -0.00374862
11067021 -0.00421651 -0.00392343
11067022 -0.0041138 -0.00398479
11067023 -0.00429458 -0.00412989
11067024 -0.00447957 -0.00573137
11067025 -0.00448393 -0.00430997
11067026 -0.00463174 -0.00445372
11067027 -0.00471472 -0.00462854
11067037 -0.00299352 -0.00296899
11067038 -0.00336498 -0.00324113
11067039 -0.00350801 -0.0034955
11067040 -0.00371284 -0.00367095
11067041 -0.00390499 -0.0039583
11067042 -0.0040184 -0.00410222
11067043 -0.00413048 -0.00413857
11067044 -0.00422437 -0.0042316
11067046 -0.00325583 -0.00316425
11068001 -0.00368481 -0.003516
11068002 -0.00396304 -0.00387224
11068003 -0.00426959 -0.00424587
11068004 -0.00446547 -0.00441025
11068006 -0.00459841 -0.00455549
11068007 -0.00477715 -0.00473677
11068009 -0.00319513 -0.00311978
11068012 -0.00395425 -0.00386273
11068013 -0.00407875 -0.00405713
11068014 -0.00418099 -0.00412058
11068015 -0.00422013 -0.00422738
11068016 -0.00426971 -0.0042517
11068017 -0.00435193 -0.0043422
11068018 -0.00440127 -0.00435141
11068024 -0.00265133 -0.00231768
11068025 -0.00294716 -0.00277384
11068026 -0.00322577 -0.00313167
11068027 -0.00338736 -0.00327544
11068028 -0.00341314 -0.00330083
11068029 -0.00360427 -0.00355228
11068030 -0.00374688 -0.00372013
11068031 -0.00385013 -0.00384671
11068032 -0.00398877 -0.00389889
11068033 -0.00411376 -0.00404037
11068034 -0.0042399 -0.00415611
11068035 -0.00433623 -0.00423586
11068036 -0.00443553 -0.00437826
11068038 -0.00265865 -0.00248739
11068039 -0.00305444 -0.00273763
11068040 -0.00338724 -0.0032095
11069041 -0.00267223 -0.00322248
11069042 -0.00276789 -0.0030699
11069044 -0.00360466 -0.00384304
11069045 -0.00338009 -0.00353587
11069046 -0.00355826 -0.00355824
11069047 -0.00377024 -0.00364669
11069048 -0.0038876 -0.00370632
11069049 -0.00398321 -0.00370478
11069050 -0.00402356 -0.00371856
11069051 -0.00417107 -0.0038221
11070002 -0.00289298 -0.00220219
11070003 -0.00356678 -0.00287835
11070004 -0.00383724 -0.00316512
11070005 -0.00406159 -0.00339135
11070006 -0.00429854 -0.00359954
11070008 -0.00436644 -0.00359212
11070009 -0.00457401 -0.00376293
11070010 -0.00470035 -0.00396513
11070011 -0.0048758 -0.00413972
11070013 -0.00304187 -0.00207224
11070014 -0.00337572 -0.0023868
11070015 -0.00344608 -0.00245661
11070017 -0.00369954 -0.00271885
11070018 -0.00378521 -0.00285023
11070019 -0.00393104 -0.00299566
11070020 -0.0041815 -0.00327856
11070021 -0.0042206 -0.00353775
11070022 -0.00428962 -0.00379307
11070038 -0.00245664 -0.00208802
11070039 -0.00283388 -0.00244747
11070040 -0.00305637 -0.00263038
11070041 -0.00324863 -0.00280199
11070042 -0.00349545 -0.00303088
11070043 -0.00368323 -0.0031769
11070044 -0.00378073 -0.00330541
11070045 -0.00383489 -0.0033779
11070046 -0.00400525 -0.00363348
11070047 -0.00400865 -0.00366682
11070051 -0.00267308 -0.00208972
11070052 -0.00294331 -0.00235327
11070053 -0.00331957 -0.00269841
11070054 -0.00351886 -0.00291527
11070055 -0.00375968 -0.00316851
11070056 -0.00391511 -0.00332164
11070057 -0.00400294 -0.00341422
11071001 -0.00423102 -0.00363844
11071002 -0.0043265 -0.00372497
11071003 -0.00442052 -0.00385312
11071004 -0.00449466 -0.00389949
11071006 -0.00314059 -0.00253348
11071007 -0.00347107 -0.00287576
11071013 -0.00377171 -0.00315472
11071014 -0.00386926 -0.00324768
11071015 -0.00401677 -0.00341034
11071016 -0.00413476 -0.00351763
11071017 -0.00430524 -0.00374192
11071018 -0.00440425 -0.00382053
11071019 -0.00448961 -0.00388972
11071020 -0.00456501 -0.00400644
11071037 -0.00306608 -0.0025759
11071038 -0.00327553 -0.00274022
11071039 -0.00340444 -0.00288667
11071040 -0.00350982 -0.00308898
11071041 -0.00368087 -0.00322049
11071043 -0.00389393 -0.00341371
11071044 -0.00400403 -0.00361911
11071045 -0.00416251 -0.00374567
11071046 -0.00424055 -0.00384051
11071047 -0.00429409 -0.00392727
11071050 -0.00219842 -0.00166451
11071051 -0.00270552 -0.00221129
11071052 -0.00304598 -0.00254062
11071053 -0.00335364 -0.00283167
11071054 -0.00347145 -0.00312459
11071055 -0.00357195 -0.00292944
11071057 -0.0038883 -0.00343955
11071058 -0.00390951 -0.00347598
11071059 -0.00403476 -0.00351096
11071060 -0.00410427 -0.00370208
11071061 -0.00424571 -0.00387487
11071062 -0.00427942 -0.00395355
11071063 -0.00443498 -0.00411522
11071065 -0.00259436 -0.00232765
11071066 -0.00304359 -0.00272615
11071068 -0.00321852 -0.0029429
11071069 -0.00338509 -0.0030562
11071070 -0.0036146 -0.00331276
11071071 -0.00367454 -0.00337974
11071072 -0.00372684 -0.00348404
11071073 -0.00375856 -0.00351398
11071074 -0.00386712 -0.00356937
11071075 -0.00398182 -0.00372733
11071076 -0.00412769 -0.00392599
11071077 -0.00411315 -0.00385891
11071078 -0.00423499 -0.00401712
11071079 -0.00428848 -0.00409068
11072002 -0.00331342 -0.00305348
11072003 -0.00398294 -0.00378682
11072004 -0.00412809 -0.00393209
11072005 -0.00432143 -0.00420609
11072006 -0.00449886 -0.00432173
11072007 -0.00458519 -0.00443434
11072008 -0.00472228 -0.00463684
11072009 -0.00487528 -0.00473604
11072010 -0.00491937 -0.00478255
11072011 -0.00500799 -0.00490096
11072012 -0.00511774 -0.00499952
11072020 -0.00325751 -0.00322034
11072021 -0.00373516 -0.00365904
11072022 -0.00390149 -0.0037671
11072023 -0.0040427 -0.00399687
11072024 -0.0042691 -0.00419887
11072025 -0.00447442 -0.00442012
11072026 -0.00470027 -0.00466983
11072027 -0.00480091 -0.00479496
11072029 -0.00491096 -0.0050088
11072030 -0.00479781 -0.00476156
11072031 -0.00476053 -0.00459715
11072032 -0.00496864 -0.0047311
11072044 -0.00493693 -0.00572794
11072045 -0.00547252 -0.00569221
11073001 -0.00514484 -0.00602934
11073003 -0.0057208 -0.00643785
11073004 -0.00594881 -0.00647493
11073005 -0.00611541 -0.00649765
11073006 -0.00622894 -0.00656912
11073007 -0.00642662 -0.00670923
11073008 -0.0065302 -0.00681
11073009 -0.0066429 -0.00686196
11073010 -0.00667506 -0.00684143
11073011 -0.00679875 -0.00701919
11073017 -0.00561155 -0.00564244
11073018 -0.00583553 -0.00584628
11073019 -0.00605542 -0.00596857
11073020 -0.00631525 -0.00622653
11073021 -0.0063667 -0.00633469
11073022 -0.00650699 -0.00652905
11073023 -0.00660307 -0.00657945
11073030 -0.00679512 -0.00676902
11073031 -0.00687121 -0.00681113
11073045 -0.00494363 -0.00459637
11073049 -0.00457578 -0.0044825
11073050 -0.00490189 -0.00490368
11073051 -0.00526431 -0.00526137
11073052 -0.0056162 -0.00551047
11073054 -0.00573882 -0.00578749
11073055 -0.00590269 -0.00592863
11073056 -0.00611752 -0.00625922
11073057 -0.00637941 -0.00650041
11073058 -0.00641137 -0.00647388
11073059 -0.00659044 -0.00664373
11073060 -0.00678176 -0.00683323
11073061 -0.00682851 -0.00687804
11073062 -0.00695643 -0.00704119
11073063 -0.00595693 -0.00604767
11073071 -0.0051102 -0.00510454
11073072 -0.00554176 -0.00550054
11073073 -0.00577907 -0.0057593
11073074 -0.00593241 -0.00594134
11073075 -0.00613778 -0.00615997
11073076 -0.00634965 -0.00638422
11073077 -0.00650158 -0.00654018
11073078 -0.00668273 -0.00673483
11073079 -0.00678453 -0.00689099
11073080 -0.00687928 -0.0069956
11073081 -0.00708021 -0.00716446
11073083 -0.00744928 -0.00745845
11073084 -0.00740758 -0.00742159
11074002 -0.00504284 -0.00490105
11074006 -0.0057528 -0.00574131
11074007 -0.00625169 -0.0061708
11074008 -0.00650702 -0.00644907
11074009 -0.00676365 -0.00670063
11074010 -0.00695655 -0.00692811
11074011 -0.00708849 -0.00706557
11074012 -0.00729127 -0.00723251
11074013 -0.00738177 -0.00735307
11074014 -0.00754109 -0.00749595
11074015 -0.00771998 -0.00764196
11074017 -0.00538119 -0.00525859
11074018 -0.00588659 -0.0057745
11074020 -0.00639717 -0.00631287
11074021 -0.00672712 -0.00664279
11074022 -0.00740109 -0.00732427
11074029 -0.00511841 -0.00511579
11074030 -0.00566383 -0.0055938
11074031 -0.00593238 -0.00592401
11074032 -0.00611569 -0.006147
11074033 -0.00636185 -0.0063628
11074035 -0.00661632 -0.0066446
11074036 -0.00670236 -0.00673853
11074037 -0.00687004 -0.00689936
11074038 -0.00692565 -0.00698435
11074039 -0.00696191 -0.00703856
11074040 -0.00709469 -0.00716662
11074053 -0.00489077 -0.00482489
11074054 -0.00546316 -0.00530458
11074055 -0.00563318 -0.00562615
11074056 -0.00585133 -0.00615193
11074057 -0.00609309 -0.00631009
11074058 -0.00627356 -0.00642727
11074059 -0.00642666 -0.00665789
11074060 -0.00658124 -0.00672212
11074061 -0.00664314 -0.00681148
11074062 -0.00673172 -0.00689888
11074063 -0.00682923 -0.0071667
11074064 -0.00680417 -0.00696015
11075002 -0.00443583 -0.00484637
11075003 -0.00498974 -0.00492597
11075004 -0.00511588 -0.00544825
11075005 -0.00501848 -0.00529787
11075006 -0.00535436 -0.00541028
11075007 -0.00555088 -0.00570738
11075009 -0.00573658 -0.00578702
11075010 -0.00585427 -0.0061644
11075011 -0.00591697 -0.00606172
11075012 -0.00609384 -0.00609713
11075013 -0.00618025 -0.00630075
11075016 -0.00406073 -0.00414593
11075017 -0.00466038 -0.00526137
11075018 -0.00477453 -0.00478579
11075019 -0.00487369 -0.00528883
11075020 -0.00513345 -0.00498483
11075021 -0.00526009 -0.00519369
11075022 -0.00537197 -0.00546595
11075023 -0.00556687 -0.00551732
11075024 -0.00572669 -0.00622927
11075025 -0.00586824 -0.00598846
11075026 -0.0058912 -0.00602273
11075027 -0.00596706 -0.00611971
11075035 -0.00374229 0.00116309
11075036 -0.00422644 -0.00451833
11075040 -0.00391411 -0.00431013
11075041 -0.00423312 -0.00441068
11075042 -0.00459015 -0.0105346
11075045 -0.00520208 -0.00558163
11075046 -0.00523164 -0.00579752
11075048 -0.0054084 -0.00685775
11075049 -0.0054166 -0.00579428
11075050 -0.00558824 -0.00605337
11075051 -0.00572155 -0.00607299
11075052 -0.00586856 -0.00615032
11075053 -0.00596436 -0.0062082
11075055 -0.00381767 -0.00557925
11075056 -0.00437431 -0.00440139
11075057 -0.0047442 -0.00505108
11075058 -0.0049097 -0.00513054
11075059 -0.00505141 -0.00538674
11075062 -0.00522931 -0.00555687
11075063 -0.00537128 -0.00563001
11076002 -0.00353303 -0.00400714
11076003 -0.00402042 -0.00442839
11076004 -0.00434457 -0.0045522
11076005 -0.00464378 -0.00502391
11076006 -0.0047747 -0.00512508
11076007 -0.00494559 -0.00546856
11076008 -0.00513352 -0.00561529
11076009 -0.00521535 -0.00557467
11076010 -0.00530056 -0.00589708
11076011 -0.00549226 -0.00598889
11076012 -0.00550149 -0.00582314
11077008 -0.00454462 -0.00450572
11077009 -0.00489538 -0.00511343
11077010 -0.00519141 -0.00546911
11077011 -0.0054198 -0.0056074
11077012 -0.00558379 -0.00594028
11077013 -0.00575259 -0.00596155
11077014 -0.00584294 -0.00613838
11077015 -0.00599935 -0.00625694
11077016 -0.00620431 -0.00660087
11077017 -0.00637866 -0.0068233
11077018 -0.00639708 -0.00697777
